Crystal structure: Fcc
Lattice constant: 6.13 Angstrom
Periodicity (x * y * z): 2 * 2 * 2
Total number of atoms: 32

List of atoms:
ID        Element   x-coor    y-coor    z-coor    
1         Xe        0.0       0.0       0.0       
2         Xe        0.0       3.065     3.065     
3         Xe        3.065     0.0       3.065     
4         Xe        3.065     3.065     0.0       
5         Xe        6.13      0.0       0.0       
6         Xe        6.13      3.065     3.065     
7         Xe        9.195     0.0       3.065     
8         Xe        9.195     3.065     0.0       
9         Xe        0.0       6.13      0.0       
10        Xe        0.0       9.195     3.065     
11        Xe        3.065     6.13      3.065     
12        Xe        3.065     9.195     0.0       
13        Xe        6.13      6.13      0.0       
14        Xe        6.13      9.195     3.065     
15        Xe        9.195     6.13      3.065     
16        Xe        9.195     9.195     0.0       
17        Xe        0.0       0.0       6.13      
18        Xe        0.0       3.065     9.195     
19        Xe        3.065     0.0       9.195     
20        Xe        3.065     3.065     6.13      
21        Xe        6.13      0.0       6.13      
22        Xe        6.13      3.065     9.195     
23        Xe        9.195     0.0       9.195     
24        Xe        9.195     3.065     6.13      
25        Xe        0.0       6.13      6.13      
26        Xe        0.0       9.195     9.195     
27        Xe        3.065     6.13      9.195     
28        Xe        3.065     9.195     6.13      
29        Xe        6.13      6.13      6.13      
30        Xe        6.13      9.195     9.195     
31        Xe        9.195     6.13      9.195     
32        Xe        9.195     9.195     6.13      

Neighbor list (distance cutoff = 6.129 Angstrom):
Atom ID		IDs of the atom's neighbors (separation distance in parentheses, from nearest to farthest)
 		N1             N2             N3             N4             N5             N6             N7             N8             N9             N10            N11            N12            
1		2(4.33)        3(4.33)        4(4.33)        7(4.33)        8(4.33)        10(4.33)       12(4.33)       16(4.33)       18(4.33)       19(4.33)       23(4.33)       26(4.33)       
2		1(4.33)        3(4.33)        4(4.33)        7(4.33)        8(4.33)        9(4.33)        11(4.33)       15(4.33)       17(4.33)       20(4.33)       24(4.33)       25(4.33)       
3		1(4.33)        2(4.33)        4(4.33)        5(4.33)        6(4.33)        10(4.33)       12(4.33)       14(4.33)       17(4.33)       20(4.33)       21(4.33)       28(4.33)       
4		1(4.33)        2(4.33)        3(4.33)        5(4.33)        6(4.33)        9(4.33)        11(4.33)       13(4.33)       18(4.33)       19(4.33)       22(4.33)       27(4.33)       
5		3(4.33)        4(4.33)        6(4.33)        12(4.33)       14(4.33)       19(4.33)       22(4.33)       30(4.33)       7(4.33)        8(4.33)        16(4.33)       23(4.33)       
6		3(4.33)        4(4.33)        5(4.33)        11(4.33)       13(4.33)       20(4.33)       21(4.33)       29(4.33)       7(4.33)        8(4.33)        15(4.33)       24(4.33)       
7		1(4.33)        2(4.33)        5(4.33)        6(4.33)        8(4.33)        10(4.33)       14(4.33)       16(4.33)       17(4.33)       21(4.33)       24(4.33)       32(4.33)       
8		1(4.33)        2(4.33)        5(4.33)        6(4.33)        7(4.33)        9(4.33)        13(4.33)       15(4.33)       18(4.33)       22(4.33)       23(4.33)       31(4.33)       
9		2(4.33)        4(4.33)        8(4.33)        11(4.33)       15(4.33)       18(4.33)       27(4.33)       31(4.33)       10(4.33)       12(4.33)       16(4.33)       26(4.33)       
10		1(4.33)        3(4.33)        7(4.33)        9(4.33)        11(4.33)       12(4.33)       15(4.33)       16(4.33)       17(4.33)       25(4.33)       28(4.33)       32(4.33)       
11		2(4.33)        4(4.33)        6(4.33)        9(4.33)        13(4.33)       20(4.33)       25(4.33)       29(4.33)       10(4.33)       12(4.33)       14(4.33)       28(4.33)       
12		1(4.33)        3(4.33)        5(4.33)        9(4.33)        10(4.33)       11(4.33)       13(4.33)       14(4.33)       19(4.33)       26(4.33)       27(4.33)       30(4.33)       
13		4(4.33)        6(4.33)        11(4.33)       22(4.33)       27(4.33)       8(4.33)        12(4.33)       14(4.33)       15(4.33)       30(4.33)       31(4.33)       16(4.33)       
14		3(4.33)        5(4.33)        11(4.33)       12(4.33)       13(4.33)       21(4.33)       28(4.33)       29(4.33)       7(4.33)        15(4.33)       16(4.33)       32(4.33)       
15		2(4.33)        6(4.33)        8(4.33)        9(4.33)        13(4.33)       24(4.33)       25(4.33)       29(4.33)       10(4.33)       14(4.33)       16(4.33)       32(4.33)       
16		1(4.33)        5(4.33)        7(4.33)        9(4.33)        10(4.33)       13(4.33)       14(4.33)       15(4.33)       23(4.33)       26(4.33)       30(4.33)       31(4.33)       
17		2(4.33)        3(4.33)        7(4.33)        10(4.33)       20(4.33)       24(4.33)       28(4.33)       32(4.33)       18(4.33)       19(4.33)       23(4.33)       26(4.33)       
18		1(4.33)        4(4.33)        8(4.33)        9(4.33)        17(4.33)       19(4.33)       20(4.33)       23(4.33)       24(4.33)       25(4.33)       27(4.33)       31(4.33)       
19		1(4.33)        4(4.33)        5(4.33)        12(4.33)       17(4.33)       18(4.33)       20(4.33)       21(4.33)       22(4.33)       26(4.33)       28(4.33)       30(4.33)       
20		2(4.33)        3(4.33)        6(4.33)        11(4.33)       17(4.33)       21(4.33)       25(4.33)       29(4.33)       18(4.33)       19(4.33)       22(4.33)       27(4.33)       
21		3(4.33)        6(4.33)        14(4.33)       20(4.33)       28(4.33)       7(4.33)        19(4.33)       22(4.33)       24(4.33)       30(4.33)       32(4.33)       23(4.33)       
22		4(4.33)        5(4.33)        13(4.33)       19(4.33)       20(4.33)       21(4.33)       27(4.33)       29(4.33)       8(4.33)        23(4.33)       24(4.33)       31(4.33)       
23		1(4.33)        5(4.33)        8(4.33)        16(4.33)       17(4.33)       18(4.33)       21(4.33)       22(4.33)       24(4.33)       26(4.33)       30(4.33)       32(4.33)       
24		2(4.33)        6(4.33)        7(4.33)        15(4.33)       17(4.33)       21(4.33)       25(4.33)       29(4.33)       18(4.33)       22(4.33)       23(4.33)       31(4.33)       
25		2(4.33)        11(4.33)       15(4.33)       20(4.33)       24(4.33)       10(4.33)       18(4.33)       27(4.33)       28(4.33)       31(4.33)       32(4.33)       26(4.33)       
26		1(4.33)        9(4.33)        12(4.33)       16(4.33)       17(4.33)       19(4.33)       23(4.33)       25(4.33)       27(4.33)       28(4.33)       31(4.33)       32(4.33)       
27		4(4.33)        9(4.33)        13(4.33)       18(4.33)       20(4.33)       22(4.33)       25(4.33)       29(4.33)       12(4.33)       26(4.33)       28(4.33)       30(4.33)       
28		3(4.33)        10(4.33)       11(4.33)       14(4.33)       17(4.33)       21(4.33)       25(4.33)       29(4.33)       19(4.33)       26(4.33)       27(4.33)       30(4.33)       
29		6(4.33)        11(4.33)       20(4.33)       14(4.33)       15(4.33)       22(4.33)       24(4.33)       27(4.33)       28(4.33)       30(4.33)       31(4.33)       32(4.33)       
30		5(4.33)        12(4.33)       13(4.33)       19(4.33)       21(4.33)       27(4.33)       28(4.33)       29(4.33)       16(4.33)       23(4.33)       31(4.33)       32(4.33)       
31		8(4.33)        9(4.33)        13(4.33)       18(4.33)       22(4.33)       24(4.33)       25(4.33)       29(4.33)       16(4.33)       26(4.33)       30(4.33)       32(4.33)       
32		7(4.33)        10(4.33)       14(4.33)       15(4.33)       17(4.33)       21(4.33)       25(4.33)       29(4.33)       23(4.33)       26(4.33)       30(4.33)       31(4.33)       
