Crystal structure: Fcc
Lattice constant: 6.13 Angstrom
Periodicity (x * y * z): 3 * 3 * 3
Total number of atoms: 108

List of atoms:
ID        Element   x-coor    y-coor    z-coor    
1         Xe        0.0       0.0       0.0       
2         Xe        0.0       3.065     3.065     
3         Xe        3.065     0.0       3.065     
4         Xe        3.065     3.065     0.0       
5         Xe        6.13      0.0       0.0       
6         Xe        6.13      3.065     3.065     
7         Xe        9.195     0.0       3.065     
8         Xe        9.195     3.065     0.0       
9         Xe        12.26     0.0       0.0       
10        Xe        12.26     3.065     3.065     
11        Xe        15.325    0.0       3.065     
12        Xe        15.325    3.065     0.0       
13        Xe        0.0       6.13      0.0       
14        Xe        0.0       9.195     3.065     
15        Xe        3.065     6.13      3.065     
16        Xe        3.065     9.195     0.0       
17        Xe        6.13      6.13      0.0       
18        Xe        6.13      9.195     3.065     
19        Xe        9.195     6.13      3.065     
20        Xe        9.195     9.195     0.0       
21        Xe        12.26     6.13      0.0       
22        Xe        12.26     9.195     3.065     
23        Xe        15.325    6.13      3.065     
24        Xe        15.325    9.195     0.0       
25        Xe        0.0       12.26     0.0       
26        Xe        0.0       15.325    3.065     
27        Xe        3.065     12.26     3.065     
28        Xe        3.065     15.325    0.0       
29        Xe        6.13      12.26     0.0       
30        Xe        6.13      15.325    3.065     
31        Xe        9.195     12.26     3.065     
32        Xe        9.195     15.325    0.0       
33        Xe        12.26     12.26     0.0       
34        Xe        12.26     15.325    3.065     
35        Xe        15.325    12.26     3.065     
36        Xe        15.325    15.325    0.0       
37        Xe        0.0       0.0       6.13      
38        Xe        0.0       3.065     9.195     
39        Xe        3.065     0.0       9.195     
40        Xe        3.065     3.065     6.13      
41        Xe        6.13      0.0       6.13      
42        Xe        6.13      3.065     9.195     
43        Xe        9.195     0.0       9.195     
44        Xe        9.195     3.065     6.13      
45        Xe        12.26     0.0       6.13      
46        Xe        12.26     3.065     9.195     
47        Xe        15.325    0.0       9.195     
48        Xe        15.325    3.065     6.13      
49        Xe        0.0       6.13      6.13      
50        Xe        0.0       9.195     9.195     
51        Xe        3.065     6.13      9.195     
52        Xe        3.065     9.195     6.13      
53        Xe        6.13      6.13      6.13      
54        Xe        6.13      9.195     9.195     
55        Xe        9.195     6.13      9.195     
56        Xe        9.195     9.195     6.13      
57        Xe        12.26     6.13      6.13      
58        Xe        12.26     9.195     9.195     
59        Xe        15.325    6.13      9.195     
60        Xe        15.325    9.195     6.13      
61        Xe        0.0       12.26     6.13      
62        Xe        0.0       15.325    9.195     
63        Xe        3.065     12.26     9.195     
64        Xe        3.065     15.325    6.13      
65        Xe        6.13      12.26     6.13      
66        Xe        6.13      15.325    9.195     
67        Xe        9.195     12.26     9.195     
68        Xe        9.195     15.325    6.13      
69        Xe        12.26     12.26     6.13      
70        Xe        12.26     15.325    9.195     
71        Xe        15.325    12.26     9.195     
72        Xe        15.325    15.325    6.13      
73        Xe        0.0       0.0       12.26     
74        Xe        0.0       3.065     15.325    
75        Xe        3.065     0.0       15.325    
76        Xe        3.065     3.065     12.26     
77        Xe        6.13      0.0       12.26     
78        Xe        6.13      3.065     15.325    
79        Xe        9.195     0.0       15.325    
80        Xe        9.195     3.065     12.26     
81        Xe        12.26     0.0       12.26     
82        Xe        12.26     3.065     15.325    
83        Xe        15.325    0.0       15.325    
84        Xe        15.325    3.065     12.26     
85        Xe        0.0       6.13      12.26     
86        Xe        0.0       9.195     15.325    
87        Xe        3.065     6.13      15.325    
88        Xe        3.065     9.195     12.26     
89        Xe        6.13      6.13      12.26     
90        Xe        6.13      9.195     15.325    
91        Xe        9.195     6.13      15.325    
92        Xe        9.195     9.195     12.26     
93        Xe        12.26     6.13      12.26     
94        Xe        12.26     9.195     15.325    
95        Xe        15.325    6.13      15.325    
96        Xe        15.325    9.195     12.26     
97        Xe        0.0       12.26     12.26     
98        Xe        0.0       15.325    15.325    
99        Xe        3.065     12.26     15.325    
100       Xe        3.065     15.325    12.26     
101       Xe        6.13      12.26     12.26     
102       Xe        6.13      15.325    15.325    
103       Xe        9.195     12.26     15.325    
104       Xe        9.195     15.325    12.26     
105       Xe        12.26     12.26     12.26     
106       Xe        12.26     15.325    15.325    
107       Xe        15.325    12.26     15.325    
108       Xe        15.325    15.325    12.26     

Neighbor list (distance cutoff = 9.194 Angstrom):
Atom ID		IDs of the atom's neighbors (separation distance in parentheses, from nearest to farthest)
 		N1             N2             N3             N4             N5             N6             N7             N8             N9             N10            N11            N12            N13            N14            N15            N16            N17            N18            N19            N20            N21            N22            N23            N24            N25            N26            N27            N28            N29            N30            N31            N32            N33            N34            N35            N36            N37            N38            N39            N40            N41            N42            N43            N44            N45            N46            N47            N48            N49            N50            N51            N52            N53            N54            
1		2(4.33)        3(4.33)        4(4.33)        11(4.33)       12(4.33)       26(4.33)       28(4.33)       74(4.33)       75(4.33)       36(4.33)       83(4.33)       98(4.33)       5(6.13)        13(6.13)       37(6.13)       9(6.13)        25(6.13)       73(6.13)       6(7.51)        15(7.51)       40(7.51)       23(7.51)       30(7.51)       48(7.51)       64(7.51)       78(7.51)       87(7.51)       10(7.51)       27(7.51)       34(7.51)       35(7.51)       72(7.51)       76(7.51)       82(7.51)       84(7.51)       95(7.51)       99(7.51)       100(7.51)      102(7.51)      106(7.51)      107(7.51)      108(7.51)      17(8.67)       21(8.67)       29(8.67)       41(8.67)       45(8.67)       49(8.67)       61(8.67)       77(8.67)       85(8.67)       33(8.67)       81(8.67)       97(8.67)       
2		1(4.33)        3(4.33)        4(4.33)        13(4.33)       15(4.33)       37(4.33)       40(4.33)       49(4.33)       11(4.33)       12(4.33)       23(4.33)       48(4.33)       6(6.13)        10(6.13)       14(6.13)       26(6.13)       38(6.13)       74(6.13)       5(7.51)        17(7.51)       41(7.51)       53(7.51)       9(7.51)        16(7.51)       21(7.51)       24(7.51)       28(7.51)       36(7.51)       39(7.51)       45(7.51)       47(7.51)       51(7.51)       52(7.51)       57(7.51)       59(7.51)       60(7.51)       64(7.51)       72(7.51)       75(7.51)       83(7.51)       87(7.51)       95(7.51)       18(8.67)       30(8.67)       42(8.67)       78(8.67)       22(8.67)       34(8.67)       46(8.67)       50(8.67)       62(8.67)       82(8.67)       86(8.67)       98(8.67)       
3		1(4.33)        2(4.33)        4(4.33)        5(4.33)        6(4.33)        37(4.33)       40(4.33)       41(4.33)       26(4.33)       28(4.33)       30(4.33)       64(4.33)       15(6.13)       7(6.13)        11(6.13)       27(6.13)       39(6.13)       75(6.13)       13(7.51)       17(7.51)       49(7.51)       53(7.51)       8(7.51)        12(7.51)       25(7.51)       29(7.51)       32(7.51)       36(7.51)       38(7.51)       42(7.51)       44(7.51)       48(7.51)       61(7.51)       62(7.51)       65(7.51)       66(7.51)       68(7.51)       72(7.51)       74(7.51)       78(7.51)       98(7.51)       102(7.51)      19(8.67)       23(8.67)       51(8.67)       87(8.67)       31(8.67)       35(8.67)       43(8.67)       47(8.67)       63(8.67)       79(8.67)       83(8.67)       99(8.67)       
4		1(4.33)        2(4.33)        3(4.33)        5(4.33)        6(4.33)        13(4.33)       15(4.33)       17(4.33)       74(4.33)       75(4.33)       78(4.33)       87(4.33)       40(6.13)       8(6.13)        12(6.13)       16(6.13)       28(6.13)       76(6.13)       37(7.51)       41(7.51)       49(7.51)       53(7.51)       7(7.51)        11(7.51)       14(7.51)       18(7.51)       19(7.51)       23(7.51)       26(7.51)       30(7.51)       73(7.51)       77(7.51)       79(7.51)       83(7.51)       85(7.51)       86(7.51)       89(7.51)       90(7.51)       91(7.51)       95(7.51)       98(7.51)       102(7.51)      44(8.67)       48(8.67)       52(8.67)       64(8.67)       20(8.67)       24(8.67)       32(8.67)       36(8.67)       80(8.67)       84(8.67)       88(8.67)       100(8.67)      
5		3(4.33)        4(4.33)        6(4.33)        7(4.33)        8(4.33)        28(4.33)       30(4.33)       75(4.33)       78(4.33)       32(4.33)       79(4.33)       102(4.33)      1(6.13)        9(6.13)        17(6.13)       41(6.13)       29(6.13)       77(6.13)       2(7.51)        10(7.51)       15(7.51)       26(7.51)       40(7.51)       44(7.51)       74(7.51)       19(7.51)       34(7.51)       64(7.51)       82(7.51)       87(7.51)       98(7.51)       27(7.51)       31(7.51)       68(7.51)       76(7.51)       80(7.51)       91(7.51)       99(7.51)       100(7.51)      106(7.51)      103(7.51)      104(7.51)      13(8.67)       21(8.67)       25(8.67)       33(8.67)       37(8.67)       45(8.67)       53(8.67)       65(8.67)       73(8.67)       81(8.67)       89(8.67)       101(8.67)      
6		3(4.33)        4(4.33)        5(4.33)        7(4.33)        8(4.33)        15(4.33)       17(4.33)       19(4.33)       40(4.33)       41(4.33)       44(4.33)       53(4.33)       2(6.13)        10(6.13)       18(6.13)       30(6.13)       42(6.13)       78(6.13)       1(7.51)        9(7.51)        13(7.51)       21(7.51)       37(7.51)       45(7.51)       49(7.51)       57(7.51)       16(7.51)       20(7.51)       28(7.51)       32(7.51)       39(7.51)       43(7.51)       51(7.51)       52(7.51)       55(7.51)       56(7.51)       64(7.51)       68(7.51)       75(7.51)       79(7.51)       87(7.51)       91(7.51)       14(8.67)       22(8.67)       26(8.67)       34(8.67)       38(8.67)       46(8.67)       74(8.67)       82(8.67)       54(8.67)       66(8.67)       90(8.67)       102(8.67)      
7		9(4.33)        8(4.33)        10(4.33)       44(4.33)       45(4.33)       5(4.33)        6(4.33)        32(4.33)       34(4.33)       41(4.33)       68(4.33)       30(4.33)       11(6.13)       19(6.13)       3(6.13)        31(6.13)       43(6.13)       79(6.13)       12(7.51)       21(7.51)       36(7.51)       48(7.51)       57(7.51)       72(7.51)       17(7.51)       53(7.51)       4(7.51)        28(7.51)       29(7.51)       33(7.51)       40(7.51)       42(7.51)       46(7.51)       64(7.51)       65(7.51)       69(7.51)       70(7.51)       78(7.51)       82(7.51)       106(7.51)      66(7.51)       102(7.51)      15(8.67)       23(8.67)       35(8.67)       47(8.67)       55(8.67)       83(8.67)       91(8.67)       27(8.67)       39(8.67)       67(8.67)       75(8.67)       103(8.67)      
8		9(4.33)        7(4.33)        10(4.33)       19(4.33)       21(4.33)       5(4.33)        6(4.33)        17(4.33)       79(4.33)       82(4.33)       91(4.33)       78(4.33)       12(6.13)       44(6.13)       4(6.13)        20(6.13)       32(6.13)       80(6.13)       11(7.51)       23(7.51)       45(7.51)       57(7.51)       83(7.51)       95(7.51)       41(7.51)       53(7.51)       3(7.51)        15(7.51)       18(7.51)       22(7.51)       30(7.51)       34(7.51)       75(7.51)       77(7.51)       81(7.51)       87(7.51)       89(7.51)       93(7.51)       94(7.51)       106(7.51)      90(7.51)       102(7.51)      24(8.67)       36(8.67)       40(8.67)       48(8.67)       56(8.67)       68(8.67)       84(8.67)       16(8.67)       28(8.67)       76(8.67)       92(8.67)       104(8.67)      
9		7(4.33)        8(4.33)        10(4.33)       11(4.33)       12(4.33)       32(4.33)       34(4.33)       36(4.33)       79(4.33)       82(4.33)       83(4.33)       106(4.33)      5(6.13)        21(6.13)       45(6.13)       1(6.13)        33(6.13)       81(6.13)       6(7.51)        19(7.51)       23(7.51)       30(7.51)       44(7.51)       48(7.51)       78(7.51)       68(7.51)       72(7.51)       91(7.51)       95(7.51)       102(7.51)      2(7.51)        26(7.51)       31(7.51)       35(7.51)       74(7.51)       80(7.51)       84(7.51)       103(7.51)      104(7.51)      107(7.51)      108(7.51)      98(7.51)       13(8.67)       17(8.67)       29(8.67)       37(8.67)       41(8.67)       57(8.67)       69(8.67)       77(8.67)       93(8.67)       25(8.67)       73(8.67)       105(8.67)      
10		7(4.33)        8(4.33)        9(4.33)        11(4.33)       12(4.33)       19(4.33)       21(4.33)       23(4.33)       44(4.33)       45(4.33)       48(4.33)       57(4.33)       6(6.13)        2(6.13)        22(6.13)       34(6.13)       46(6.13)       82(6.13)       5(7.51)        17(7.51)       41(7.51)       53(7.51)       1(7.51)        13(7.51)       20(7.51)       24(7.51)       32(7.51)       36(7.51)       37(7.51)       43(7.51)       47(7.51)       49(7.51)       55(7.51)       56(7.51)       59(7.51)       60(7.51)       68(7.51)       72(7.51)       79(7.51)       83(7.51)       91(7.51)       95(7.51)       18(8.67)       30(8.67)       42(8.67)       78(8.67)       14(8.67)       26(8.67)       38(8.67)       58(8.67)       70(8.67)       74(8.67)       94(8.67)       106(8.67)      
11		9(4.33)        10(4.33)       12(4.33)       45(4.33)       48(4.33)       1(4.33)        2(4.33)        34(4.33)       36(4.33)       37(4.33)       72(4.33)       26(4.33)       7(6.13)        23(6.13)       3(6.13)        35(6.13)       47(6.13)       83(6.13)       8(7.51)        21(7.51)       32(7.51)       44(7.51)       57(7.51)       68(7.51)       13(7.51)       49(7.51)       4(7.51)        25(7.51)       28(7.51)       33(7.51)       38(7.51)       40(7.51)       46(7.51)       61(7.51)       64(7.51)       69(7.51)       70(7.51)       74(7.51)       82(7.51)       106(7.51)      62(7.51)       98(7.51)       15(8.67)       19(8.67)       31(8.67)       43(8.67)       59(8.67)       79(8.67)       95(8.67)       27(8.67)       39(8.67)       71(8.67)       75(8.67)       107(8.67)      
12		9(4.33)        10(4.33)       11(4.33)       21(4.33)       23(4.33)       1(4.33)        2(4.33)        13(4.33)       82(4.33)       83(4.33)       95(4.33)       74(4.33)       8(6.13)        48(6.13)       4(6.13)        24(6.13)       36(6.13)       84(6.13)       7(7.51)        19(7.51)       45(7.51)       57(7.51)       79(7.51)       91(7.51)       37(7.51)       49(7.51)       3(7.51)        14(7.51)       15(7.51)       22(7.51)       26(7.51)       34(7.51)       73(7.51)       75(7.51)       81(7.51)       85(7.51)       87(7.51)       93(7.51)       94(7.51)       106(7.51)      86(7.51)       98(7.51)       20(8.67)       32(8.67)       40(8.67)       44(8.67)       60(8.67)       72(8.67)       80(8.67)       16(8.67)       28(8.67)       76(8.67)       96(8.67)       108(8.67)      
13		2(4.33)        4(4.33)        14(4.33)       15(4.33)       16(4.33)       12(4.33)       23(4.33)       74(4.33)       87(4.33)       24(4.33)       86(4.33)       95(4.33)       1(6.13)        17(6.13)       25(6.13)       49(6.13)       21(6.13)       85(6.13)       3(7.51)        6(7.51)        11(7.51)       27(7.51)       40(7.51)       52(7.51)       75(7.51)       18(7.51)       35(7.51)       48(7.51)       78(7.51)       83(7.51)       99(7.51)       10(7.51)       22(7.51)       60(7.51)       76(7.51)       82(7.51)       84(7.51)       88(7.51)       90(7.51)       107(7.51)      94(7.51)       96(7.51)       5(8.67)        9(8.67)        29(8.67)       33(8.67)       37(8.67)       53(8.67)       57(8.67)       61(8.67)       73(8.67)       89(8.67)       97(8.67)       93(8.67)       
14		25(4.33)       16(4.33)       27(4.33)       52(4.33)       61(4.33)       13(4.33)       15(4.33)       24(4.33)       35(4.33)       49(4.33)       60(4.33)       23(4.33)       26(6.13)       18(6.13)       2(6.13)        22(6.13)       50(6.13)       86(6.13)       28(7.51)       29(7.51)       36(7.51)       64(7.51)       65(7.51)       72(7.51)       17(7.51)       53(7.51)       4(7.51)        12(7.51)       21(7.51)       33(7.51)       40(7.51)       48(7.51)       51(7.51)       57(7.51)       63(7.51)       69(7.51)       71(7.51)       87(7.51)       99(7.51)       107(7.51)      59(7.51)       95(7.51)       6(8.67)        30(8.67)       34(8.67)       54(8.67)       62(8.67)       90(8.67)       98(8.67)       10(8.67)       38(8.67)       58(8.67)       74(8.67)       94(8.67)       
15		2(4.33)        4(4.33)        13(4.33)       6(4.33)        14(4.33)       16(4.33)       17(4.33)       18(4.33)       40(4.33)       49(4.33)       52(4.33)       53(4.33)       3(6.13)        27(6.13)       19(6.13)       23(6.13)       51(6.13)       87(6.13)       1(7.51)        5(7.51)        25(7.51)       29(7.51)       37(7.51)       41(7.51)       61(7.51)       65(7.51)       8(7.51)        12(7.51)       20(7.51)       24(7.51)       38(7.51)       42(7.51)       44(7.51)       48(7.51)       50(7.51)       54(7.51)       56(7.51)       60(7.51)       74(7.51)       78(7.51)       86(7.51)       90(7.51)       7(8.67)        11(8.67)       31(8.67)       35(8.67)       39(8.67)       63(8.67)       75(8.67)       99(8.67)       55(8.67)       59(8.67)       91(8.67)       95(8.67)       
16		25(4.33)       14(4.33)       18(4.33)       27(4.33)       29(4.33)       13(4.33)       15(4.33)       17(4.33)       86(4.33)       90(4.33)       99(4.33)       87(4.33)       28(6.13)       52(6.13)       4(6.13)        20(6.13)       24(6.13)       88(6.13)       26(7.51)       30(7.51)       61(7.51)       65(7.51)       98(7.51)       102(7.51)      49(7.51)       53(7.51)       2(7.51)        6(7.51)        19(7.51)       23(7.51)       31(7.51)       35(7.51)       74(7.51)       78(7.51)       85(7.51)       89(7.51)       97(7.51)       101(7.51)      103(7.51)      107(7.51)      91(7.51)       95(7.51)       32(8.67)       36(8.67)       40(8.67)       56(8.67)       60(8.67)       64(8.67)       100(8.67)      8(8.67)        12(8.67)       76(8.67)       92(8.67)       96(8.67)       
17		4(4.33)        6(4.33)        8(4.33)        15(4.33)       16(4.33)       18(4.33)       19(4.33)       20(4.33)       78(4.33)       87(4.33)       90(4.33)       91(4.33)       5(6.13)        13(6.13)       21(6.13)       29(6.13)       53(6.13)       89(6.13)       2(7.51)        3(7.51)        7(7.51)        10(7.51)       14(7.51)       27(7.51)       40(7.51)       44(7.51)       52(7.51)       74(7.51)       75(7.51)       79(7.51)       86(7.51)       22(7.51)       31(7.51)       56(7.51)       82(7.51)       99(7.51)       76(7.51)       80(7.51)       88(7.51)       92(7.51)       94(7.51)       103(7.51)      1(8.67)        9(8.67)        25(8.67)       33(8.67)       41(8.67)       49(8.67)       57(8.67)       65(8.67)       77(8.67)       85(8.67)       93(8.67)       101(8.67)      
18		16(4.33)       27(4.33)       29(4.33)       20(4.33)       31(4.33)       52(4.33)       56(4.33)       65(4.33)       15(4.33)       17(4.33)       53(4.33)       19(4.33)       14(6.13)       30(6.13)       22(6.13)       6(6.13)        54(6.13)       90(6.13)       13(7.51)       25(7.51)       28(7.51)       32(7.51)       33(7.51)       49(7.51)       61(7.51)       64(7.51)       68(7.51)       69(7.51)       21(7.51)       57(7.51)       4(7.51)        8(7.51)        40(7.51)       44(7.51)       51(7.51)       63(7.51)       67(7.51)       87(7.51)       99(7.51)       103(7.51)      55(7.51)       91(7.51)       26(8.67)       2(8.67)        10(8.67)       34(8.67)       50(8.67)       58(8.67)       66(8.67)       86(8.67)       94(8.67)       102(8.67)      42(8.67)       78(8.67)       
19		8(4.33)        10(4.33)       21(4.33)       20(4.33)       22(4.33)       44(4.33)       56(4.33)       57(4.33)       6(4.33)        17(4.33)       53(4.33)       18(4.33)       7(6.13)        23(6.13)       31(6.13)       15(6.13)       55(6.13)       91(6.13)       5(7.51)        9(7.51)        12(7.51)       24(7.51)       33(7.51)       41(7.51)       45(7.51)       48(7.51)       60(7.51)       69(7.51)       29(7.51)       65(7.51)       4(7.51)        16(7.51)       40(7.51)       42(7.51)       46(7.51)       52(7.51)       58(7.51)       78(7.51)       82(7.51)       94(7.51)       54(7.51)       90(7.51)       11(8.67)       3(8.67)        27(8.67)       35(8.67)       43(8.67)       59(8.67)       67(8.67)       79(8.67)       95(8.67)       103(8.67)      51(8.67)       87(8.67)       
20		33(4.33)       22(4.33)       31(4.33)       18(4.33)       19(4.33)       21(4.33)       29(4.33)       94(4.33)       103(4.33)      17(4.33)       90(4.33)       91(4.33)       24(6.13)       32(6.13)       56(6.13)       8(6.13)        16(6.13)       92(6.13)       23(7.51)       30(7.51)       34(7.51)       35(7.51)       69(7.51)       106(7.51)      107(7.51)      57(7.51)       65(7.51)       95(7.51)       102(7.51)      6(7.51)        10(7.51)       15(7.51)       27(7.51)       53(7.51)       82(7.51)       93(7.51)       99(7.51)       101(7.51)      105(7.51)      78(7.51)       87(7.51)       89(7.51)       36(8.67)       12(8.67)       28(8.67)       44(8.67)       52(8.67)       60(8.67)       68(8.67)       96(8.67)       104(8.67)      4(8.67)        80(8.67)       88(8.67)       
21		8(4.33)        12(4.33)       10(4.33)       19(4.33)       20(4.33)       22(4.33)       23(4.33)       24(4.33)       82(4.33)       91(4.33)       95(4.33)       94(4.33)       9(6.13)        17(6.13)       33(6.13)       57(6.13)       13(6.13)       93(6.13)       6(7.51)        7(7.51)        11(7.51)       18(7.51)       31(7.51)       35(7.51)       44(7.51)       48(7.51)       56(7.51)       60(7.51)       78(7.51)       79(7.51)       83(7.51)       90(7.51)       103(7.51)      107(7.51)      2(7.51)        14(7.51)       74(7.51)       80(7.51)       84(7.51)       92(7.51)       96(7.51)       86(7.51)       5(8.67)        1(8.67)        25(8.67)       29(8.67)       45(8.67)       49(8.67)       53(8.67)       69(8.67)       81(8.67)       89(8.67)       105(8.67)      85(8.67)       
22		20(4.33)       24(4.33)       31(4.33)       33(4.33)       35(4.33)       56(4.33)       60(4.33)       69(4.33)       19(4.33)       21(4.33)       23(4.33)       57(4.33)       18(6.13)       34(6.13)       10(6.13)       14(6.13)       58(6.13)       94(6.13)       17(7.51)       29(7.51)       32(7.51)       36(7.51)       53(7.51)       65(7.51)       68(7.51)       72(7.51)       8(7.51)        12(7.51)       13(7.51)       25(7.51)       44(7.51)       48(7.51)       49(7.51)       55(7.51)       59(7.51)       61(7.51)       67(7.51)       71(7.51)       91(7.51)       95(7.51)       103(7.51)      107(7.51)      30(8.67)       6(8.67)        26(8.67)       54(8.67)       70(8.67)       90(8.67)       106(8.67)      2(8.67)        46(8.67)       50(8.67)       82(8.67)       86(8.67)       
23		10(4.33)       12(4.33)       21(4.33)       22(4.33)       24(4.33)       48(4.33)       57(4.33)       60(4.33)       2(4.33)        13(4.33)       49(4.33)       14(4.33)       11(6.13)       19(6.13)       35(6.13)       15(6.13)       59(6.13)       95(6.13)       1(7.51)        8(7.51)        9(7.51)        20(7.51)       33(7.51)       37(7.51)       44(7.51)       45(7.51)       56(7.51)       69(7.51)       25(7.51)       61(7.51)       4(7.51)        16(7.51)       38(7.51)       40(7.51)       46(7.51)       52(7.51)       58(7.51)       74(7.51)       82(7.51)       94(7.51)       50(7.51)       86(7.51)       7(8.67)        3(8.67)        27(8.67)       31(8.67)       47(8.67)       55(8.67)       71(8.67)       83(8.67)       91(8.67)       107(8.67)      51(8.67)       87(8.67)       
24		33(4.33)       22(4.33)       35(4.33)       14(4.33)       21(4.33)       23(4.33)       25(4.33)       94(4.33)       107(4.33)      13(4.33)       86(4.33)       95(4.33)       20(6.13)       36(6.13)       60(6.13)       12(6.13)       16(6.13)       96(6.13)       19(7.51)       26(7.51)       31(7.51)       34(7.51)       69(7.51)       103(7.51)      106(7.51)      57(7.51)       61(7.51)       91(7.51)       98(7.51)       2(7.51)        10(7.51)       15(7.51)       27(7.51)       49(7.51)       82(7.51)       93(7.51)       97(7.51)       99(7.51)       105(7.51)      74(7.51)       85(7.51)       87(7.51)       32(8.67)       8(8.67)        28(8.67)       48(8.67)       52(8.67)       56(8.67)       72(8.67)       92(8.67)       108(8.67)      4(8.67)        84(8.67)       88(8.67)       
25		14(4.33)       16(4.33)       26(4.33)       27(4.33)       28(4.33)       24(4.33)       35(4.33)       36(4.33)       86(4.33)       98(4.33)       99(4.33)       107(4.33)      13(6.13)       29(6.13)       61(6.13)       1(6.13)        33(6.13)       97(6.13)       15(7.51)       18(7.51)       23(7.51)       30(7.51)       52(7.51)       64(7.51)       87(7.51)       60(7.51)       72(7.51)       90(7.51)       95(7.51)       102(7.51)      3(7.51)        11(7.51)       22(7.51)       34(7.51)       75(7.51)       88(7.51)       94(7.51)       96(7.51)       100(7.51)      106(7.51)      108(7.51)      83(7.51)       5(8.67)        17(8.67)       21(8.67)       37(8.67)       49(8.67)       65(8.67)       69(8.67)       85(8.67)       101(8.67)      9(8.67)        73(8.67)       105(8.67)      
26		25(4.33)       27(4.33)       28(4.33)       61(4.33)       64(4.33)       1(4.33)        3(4.33)        35(4.33)       36(4.33)       37(4.33)       72(4.33)       11(4.33)       14(6.13)       30(6.13)       2(6.13)        34(6.13)       62(6.13)       98(6.13)       16(7.51)       24(7.51)       29(7.51)       52(7.51)       60(7.51)       65(7.51)       5(7.51)        41(7.51)       4(7.51)        9(7.51)        12(7.51)       33(7.51)       39(7.51)       40(7.51)       45(7.51)       48(7.51)       63(7.51)       69(7.51)       71(7.51)       75(7.51)       99(7.51)       107(7.51)      47(7.51)       83(7.51)       6(8.67)        18(8.67)       22(8.67)       50(8.67)       66(8.67)       86(8.67)       102(8.67)      10(8.67)       38(8.67)       70(8.67)       74(8.67)       106(8.67)      
27		14(4.33)       16(4.33)       25(4.33)       26(4.33)       28(4.33)       18(4.33)       29(4.33)       30(4.33)       52(4.33)       61(4.33)       64(4.33)       65(4.33)       15(6.13)       3(6.13)        31(6.13)       35(6.13)       63(6.13)       99(6.13)       13(7.51)       17(7.51)       49(7.51)       53(7.51)       1(7.51)        5(7.51)        20(7.51)       24(7.51)       32(7.51)       36(7.51)       37(7.51)       41(7.51)       50(7.51)       54(7.51)       56(7.51)       60(7.51)       62(7.51)       66(7.51)       68(7.51)       72(7.51)       86(7.51)       90(7.51)       98(7.51)       102(7.51)      19(8.67)       23(8.67)       51(8.67)       87(8.67)       7(8.67)        11(8.67)       39(8.67)       67(8.67)       71(8.67)       75(8.67)       103(8.67)      107(8.67)      
28		25(4.33)       26(4.33)       27(4.33)       29(4.33)       30(4.33)       1(4.33)        3(4.33)        5(4.33)        98(4.33)       99(4.33)       102(4.33)      75(4.33)       16(6.13)       64(6.13)       4(6.13)        32(6.13)       36(6.13)       100(6.13)      14(7.51)       18(7.51)       61(7.51)       65(7.51)       86(7.51)       90(7.51)       37(7.51)       41(7.51)       2(7.51)        6(7.51)        7(7.51)        11(7.51)       31(7.51)       35(7.51)       73(7.51)       74(7.51)       77(7.51)       78(7.51)       97(7.51)       101(7.51)      103(7.51)      107(7.51)      79(7.51)       83(7.51)       20(8.67)       24(8.67)       40(8.67)       52(8.67)       68(8.67)       72(8.67)       88(8.67)       8(8.67)        12(8.67)       76(8.67)       104(8.67)      108(8.67)      
29		16(4.33)       28(4.33)       18(4.33)       20(4.33)       27(4.33)       30(4.33)       31(4.33)       32(4.33)       90(4.33)       99(4.33)       102(4.33)      103(4.33)      17(6.13)       25(6.13)       33(6.13)       65(6.13)       5(6.13)        101(6.13)      14(7.51)       15(7.51)       19(7.51)       22(7.51)       26(7.51)       34(7.51)       52(7.51)       56(7.51)       64(7.51)       68(7.51)       86(7.51)       87(7.51)       91(7.51)       98(7.51)       94(7.51)       106(7.51)      3(7.51)        7(7.51)        75(7.51)       88(7.51)       92(7.51)       100(7.51)      104(7.51)      79(7.51)       13(8.67)       1(8.67)        9(8.67)        21(8.67)       41(8.67)       53(8.67)       61(8.67)       69(8.67)       89(8.67)       97(8.67)       105(8.67)      77(8.67)       
30		27(4.33)       28(4.33)       29(4.33)       31(4.33)       32(4.33)       64(4.33)       65(4.33)       68(4.33)       3(4.33)        5(4.33)        41(4.33)       7(4.33)        18(6.13)       26(6.13)       34(6.13)       6(6.13)        66(6.13)       102(6.13)      1(7.51)        16(7.51)       20(7.51)       25(7.51)       33(7.51)       37(7.51)       52(7.51)       56(7.51)       61(7.51)       69(7.51)       9(7.51)        45(7.51)       4(7.51)        8(7.51)        39(7.51)       40(7.51)       44(7.51)       63(7.51)       67(7.51)       75(7.51)       99(7.51)       103(7.51)      43(7.51)       79(7.51)       14(8.67)       2(8.67)        10(8.67)       22(8.67)       54(8.67)       62(8.67)       70(8.67)       90(8.67)       98(8.67)       106(8.67)      42(8.67)       78(8.67)       
31		20(4.33)       22(4.33)       32(4.33)       33(4.33)       34(4.33)       56(4.33)       68(4.33)       69(4.33)       18(4.33)       29(4.33)       30(4.33)       65(4.33)       19(6.13)       35(6.13)       7(6.13)        27(6.13)       67(6.13)       103(6.13)      17(7.51)       21(7.51)       24(7.51)       36(7.51)       53(7.51)       57(7.51)       60(7.51)       72(7.51)       5(7.51)        9(7.51)        16(7.51)       28(7.51)       41(7.51)       45(7.51)       52(7.51)       54(7.51)       58(7.51)       64(7.51)       66(7.51)       70(7.51)       90(7.51)       94(7.51)       102(7.51)      106(7.51)      23(8.67)       11(8.67)       15(8.67)       55(8.67)       71(8.67)       91(8.67)       107(8.67)      3(8.67)        43(8.67)       63(8.67)       79(8.67)       99(8.67)       
32		33(4.33)       31(4.33)       34(4.33)       7(4.33)        9(4.33)        29(4.33)       30(4.33)       103(4.33)      106(4.33)      5(4.33)        79(4.33)       102(4.33)      20(6.13)       36(6.13)       68(6.13)       8(6.13)        28(6.13)       104(6.13)      11(7.51)       18(7.51)       22(7.51)       35(7.51)       69(7.51)       94(7.51)       107(7.51)      45(7.51)       65(7.51)       83(7.51)       90(7.51)       3(7.51)        6(7.51)        10(7.51)       27(7.51)       41(7.51)       81(7.51)       82(7.51)       99(7.51)       101(7.51)      105(7.51)      75(7.51)       77(7.51)       78(7.51)       24(8.67)       12(8.67)       16(8.67)       44(8.67)       56(8.67)       64(8.67)       72(8.67)       92(8.67)       108(8.67)      4(8.67)        80(8.67)       100(8.67)      
33		20(4.33)       24(4.33)       32(4.33)       36(4.33)       22(4.33)       31(4.33)       34(4.33)       35(4.33)       94(4.33)       103(4.33)      106(4.33)      107(4.33)      21(6.13)       29(6.13)       69(6.13)       9(6.13)        25(6.13)       105(6.13)      18(7.51)       19(7.51)       23(7.51)       30(7.51)       56(7.51)       60(7.51)       68(7.51)       72(7.51)       90(7.51)       91(7.51)       95(7.51)       102(7.51)      7(7.51)        11(7.51)       14(7.51)       26(7.51)       79(7.51)       83(7.51)       86(7.51)       92(7.51)       96(7.51)       98(7.51)       104(7.51)      108(7.51)      17(8.67)       5(8.67)        13(8.67)       45(8.67)       57(8.67)       61(8.67)       65(8.67)       93(8.67)       101(8.67)      1(8.67)        81(8.67)       97(8.67)       
34		31(4.33)       32(4.33)       33(4.33)       35(4.33)       36(4.33)       68(4.33)       69(4.33)       72(4.33)       7(4.33)        9(4.33)        11(4.33)       45(4.33)       22(6.13)       30(6.13)       10(6.13)       26(6.13)       70(6.13)       106(6.13)      5(7.51)        20(7.51)       24(7.51)       29(7.51)       41(7.51)       56(7.51)       60(7.51)       65(7.51)       1(7.51)        8(7.51)        12(7.51)       25(7.51)       37(7.51)       43(7.51)       44(7.51)       47(7.51)       48(7.51)       61(7.51)       67(7.51)       71(7.51)       79(7.51)       83(7.51)       103(7.51)      107(7.51)      18(8.67)       6(8.67)        14(8.67)       58(8.67)       66(8.67)       94(8.67)       102(8.67)      2(8.67)        46(8.67)       62(8.67)       82(8.67)       98(8.67)       
35		22(4.33)       24(4.33)       33(4.33)       34(4.33)       36(4.33)       60(4.33)       69(4.33)       72(4.33)       14(4.33)       25(4.33)       26(4.33)       61(4.33)       23(6.13)       31(6.13)       11(6.13)       27(6.13)       71(6.13)       107(6.13)      13(7.51)       20(7.51)       21(7.51)       32(7.51)       49(7.51)       56(7.51)       57(7.51)       68(7.51)       1(7.51)        9(7.51)        16(7.51)       28(7.51)       37(7.51)       45(7.51)       50(7.51)       52(7.51)       58(7.51)       62(7.51)       64(7.51)       70(7.51)       86(7.51)       94(7.51)       98(7.51)       106(7.51)      19(8.67)       7(8.67)        15(8.67)       59(8.67)       67(8.67)       95(8.67)       103(8.67)      3(8.67)        47(8.67)       63(8.67)       83(8.67)       99(8.67)       
36		33(4.33)       34(4.33)       35(4.33)       9(4.33)        11(4.33)       25(4.33)       26(4.33)       106(4.33)      107(4.33)      1(4.33)        83(4.33)       98(4.33)       24(6.13)       32(6.13)       72(6.13)       12(6.13)       28(6.13)       108(6.13)      7(7.51)        14(7.51)       22(7.51)       31(7.51)       69(7.51)       94(7.51)       103(7.51)      45(7.51)       61(7.51)       79(7.51)       86(7.51)       2(7.51)        3(7.51)        10(7.51)       27(7.51)       37(7.51)       81(7.51)       82(7.51)       97(7.51)       99(7.51)       105(7.51)      73(7.51)       74(7.51)       75(7.51)       20(8.67)       8(8.67)        16(8.67)       48(8.67)       60(8.67)       64(8.67)       68(8.67)       96(8.67)       104(8.67)      4(8.67)        84(8.67)       100(8.67)      
37		2(4.33)        3(4.33)        38(4.33)       39(4.33)       40(4.33)       11(4.33)       26(4.33)       48(4.33)       64(4.33)       47(4.33)       62(4.33)       72(4.33)       1(6.13)        41(6.13)       49(6.13)       73(6.13)       45(6.13)       61(6.13)       4(7.51)        6(7.51)        12(7.51)       15(7.51)       28(7.51)       42(7.51)       51(7.51)       76(7.51)       23(7.51)       30(7.51)       84(7.51)       100(7.51)      10(7.51)       27(7.51)       34(7.51)       35(7.51)       36(7.51)       46(7.51)       59(7.51)       63(7.51)       66(7.51)       108(7.51)      70(7.51)       71(7.51)       5(8.67)        9(8.67)        13(8.67)       25(8.67)       53(8.67)       57(8.67)       65(8.67)       77(8.67)       81(8.67)       85(8.67)       97(8.67)       69(8.67)       
38		73(4.33)       39(4.33)       51(4.33)       76(4.33)       85(4.33)       37(4.33)       40(4.33)       47(4.33)       49(4.33)       59(4.33)       84(4.33)       48(4.33)       74(6.13)       42(6.13)       2(6.13)        46(6.13)       50(6.13)       62(6.13)       75(7.51)       77(7.51)       83(7.51)       87(7.51)       89(7.51)       95(7.51)       41(7.51)       53(7.51)       3(7.51)        11(7.51)       15(7.51)       23(7.51)       45(7.51)       52(7.51)       57(7.51)       64(7.51)       81(7.51)       88(7.51)       93(7.51)       96(7.51)       100(7.51)      108(7.51)      60(7.51)       72(7.51)       6(8.67)        54(8.67)       66(8.67)       78(8.67)       82(8.67)       86(8.67)       98(8.67)       10(8.67)       14(8.67)       26(8.67)       58(8.67)       70(8.67)       
39		73(4.33)       38(4.33)       42(4.33)       76(4.33)       77(4.33)       37(4.33)       40(4.33)       41(4.33)       62(4.33)       66(4.33)       100(4.33)      64(4.33)       75(6.13)       51(6.13)       3(6.13)        43(6.13)       47(6.13)       63(6.13)       74(7.51)       78(7.51)       85(7.51)       89(7.51)       98(7.51)       102(7.51)      49(7.51)       53(7.51)       2(7.51)        6(7.51)        26(7.51)       30(7.51)       44(7.51)       48(7.51)       61(7.51)       65(7.51)       80(7.51)       84(7.51)       97(7.51)       101(7.51)      104(7.51)      108(7.51)      68(7.51)       72(7.51)       15(8.67)       55(8.67)       59(8.67)       79(8.67)       83(8.67)       87(8.67)       99(8.67)       7(8.67)        11(8.67)       27(8.67)       67(8.67)       71(8.67)       
40		2(4.33)        3(4.33)        37(4.33)       6(4.33)        15(4.33)       38(4.33)       39(4.33)       41(4.33)       42(4.33)       49(4.33)       51(4.33)       53(4.33)       4(6.13)        76(6.13)       44(6.13)       48(6.13)       52(6.13)       64(6.13)       1(7.51)        5(7.51)        13(7.51)       17(7.51)       73(7.51)       77(7.51)       85(7.51)       89(7.51)       7(7.51)        11(7.51)       14(7.51)       18(7.51)       19(7.51)       23(7.51)       26(7.51)       30(7.51)       43(7.51)       47(7.51)       50(7.51)       54(7.51)       55(7.51)       59(7.51)       62(7.51)       66(7.51)       8(8.67)        12(8.67)       16(8.67)       28(8.67)       80(8.67)       84(8.67)       88(8.67)       100(8.67)      56(8.67)       60(8.67)       68(8.67)       72(8.67)       
41		3(4.33)        6(4.33)        7(4.33)        39(4.33)       40(4.33)       42(4.33)       44(4.33)       30(4.33)       43(4.33)       64(4.33)       66(4.33)       68(4.33)       5(6.13)        37(6.13)       45(6.13)       53(6.13)       77(6.13)       65(6.13)       2(7.51)        4(7.51)        8(7.51)        10(7.51)       15(7.51)       26(7.51)       28(7.51)       38(7.51)       46(7.51)       51(7.51)       62(7.51)       76(7.51)       80(7.51)       19(7.51)       32(7.51)       34(7.51)       100(7.51)      27(7.51)       31(7.51)       55(7.51)       63(7.51)       70(7.51)       104(7.51)      67(7.51)       1(8.67)        9(8.67)        17(8.67)       29(8.67)       49(8.67)       57(8.67)       61(8.67)       69(8.67)       73(8.67)       81(8.67)       89(8.67)       101(8.67)      
42		39(4.33)       76(4.33)       77(4.33)       43(4.33)       51(4.33)       55(4.33)       80(4.33)       89(4.33)       40(4.33)       41(4.33)       53(4.33)       44(4.33)       38(6.13)       78(6.13)       46(6.13)       6(6.13)        54(6.13)       66(6.13)       75(7.51)       37(7.51)       49(7.51)       73(7.51)       79(7.51)       81(7.51)       85(7.51)       87(7.51)       91(7.51)       93(7.51)       45(7.51)       57(7.51)       3(7.51)        7(7.51)        15(7.51)       19(7.51)       52(7.51)       64(7.51)       88(7.51)       92(7.51)       100(7.51)      104(7.51)      56(7.51)       68(7.51)       74(8.67)       2(8.67)        10(8.67)       50(8.67)       58(8.67)       62(8.67)       70(8.67)       82(8.67)       90(8.67)       102(8.67)      18(8.67)       30(8.67)       
43		81(4.33)       46(4.33)       80(4.33)       42(4.33)       44(4.33)       45(4.33)       70(4.33)       77(4.33)       104(4.33)      41(4.33)       66(4.33)       68(4.33)       47(6.13)       79(6.13)       55(6.13)       7(6.13)        39(6.13)       67(6.13)       48(7.51)       78(7.51)       82(7.51)       84(7.51)       93(7.51)       106(7.51)      108(7.51)      57(7.51)       72(7.51)       89(7.51)       6(7.51)        10(7.51)       34(7.51)       40(7.51)       53(7.51)       69(7.51)       76(7.51)       100(7.51)      101(7.51)      102(7.51)      105(7.51)      30(7.51)       64(7.51)       65(7.51)       83(8.67)       11(8.67)       19(8.67)       51(8.67)       59(8.67)       71(8.67)       75(8.67)       91(8.67)       103(8.67)      3(8.67)        31(8.67)       63(8.67)       
44		7(4.33)        10(4.33)       45(4.33)       19(4.33)       43(4.33)       46(4.33)       55(4.33)       57(4.33)       6(4.33)        41(4.33)       53(4.33)       42(4.33)       8(6.13)        48(6.13)       80(6.13)       40(6.13)       56(6.13)       68(6.13)       9(7.51)        5(7.51)        11(7.51)       17(7.51)       21(7.51)       23(7.51)       47(7.51)       59(7.51)       81(7.51)       93(7.51)       77(7.51)       89(7.51)       3(7.51)        15(7.51)       18(7.51)       22(7.51)       30(7.51)       34(7.51)       39(7.51)       51(7.51)       58(7.51)       70(7.51)       54(7.51)       66(7.51)       12(8.67)       4(8.67)        20(8.67)       32(8.67)       60(8.67)       72(8.67)       76(8.67)       84(8.67)       92(8.67)       104(8.67)      52(8.67)       64(8.67)       
45		7(4.33)        11(4.33)       10(4.33)       43(4.33)       44(4.33)       46(4.33)       47(4.33)       48(4.33)       34(4.33)       68(4.33)       72(4.33)       70(4.33)       9(6.13)        41(6.13)       57(6.13)       81(6.13)       37(6.13)       69(6.13)       6(7.51)        8(7.51)        12(7.51)       19(7.51)       23(7.51)       30(7.51)       32(7.51)       36(7.51)       42(7.51)       55(7.51)       59(7.51)       66(7.51)       80(7.51)       84(7.51)       104(7.51)      108(7.51)      2(7.51)        26(7.51)       31(7.51)       35(7.51)       38(7.51)       67(7.51)       71(7.51)       62(7.51)       5(8.67)        1(8.67)        21(8.67)       33(8.67)       49(8.67)       53(8.67)       65(8.67)       73(8.67)       77(8.67)       93(8.67)       105(8.67)      61(8.67)       
46		43(4.33)       47(4.33)       80(4.33)       81(4.33)       84(4.33)       55(4.33)       59(4.33)       93(4.33)       44(4.33)       45(4.33)       48(4.33)       57(4.33)       42(6.13)       82(6.13)       10(6.13)       38(6.13)       58(6.13)       70(6.13)       79(7.51)       83(7.51)       41(7.51)       53(7.51)       77(7.51)       89(7.51)       91(7.51)       95(7.51)       7(7.51)        11(7.51)       19(7.51)       23(7.51)       37(7.51)       49(7.51)       56(7.51)       60(7.51)       68(7.51)       72(7.51)       73(7.51)       85(7.51)       92(7.51)       96(7.51)       104(7.51)      108(7.51)      78(8.67)       6(8.67)        54(8.67)       66(8.67)       74(8.67)       94(8.67)       106(8.67)      2(8.67)        22(8.67)       34(8.67)       50(8.67)       62(8.67)       
47		81(4.33)       46(4.33)       84(4.33)       38(4.33)       45(4.33)       48(4.33)       70(4.33)       73(4.33)       108(4.33)      37(4.33)       62(4.33)       72(4.33)       43(6.13)       83(6.13)       59(6.13)       11(6.13)       39(6.13)       71(6.13)       44(7.51)       74(7.51)       80(7.51)       82(7.51)       93(7.51)       104(7.51)      106(7.51)      57(7.51)       68(7.51)       85(7.51)       2(7.51)        10(7.51)       34(7.51)       40(7.51)       49(7.51)       69(7.51)       76(7.51)       97(7.51)       98(7.51)       100(7.51)      105(7.51)      26(7.51)       61(7.51)       64(7.51)       79(8.67)       7(8.67)        23(8.67)       51(8.67)       55(8.67)       67(8.67)       75(8.67)       95(8.67)       107(8.67)      3(8.67)        35(8.67)       63(8.67)       
48		10(4.33)       11(4.33)       45(4.33)       23(4.33)       46(4.33)       47(4.33)       57(4.33)       59(4.33)       2(4.33)        37(4.33)       49(4.33)       38(4.33)       12(6.13)       44(6.13)       84(6.13)       40(6.13)       60(6.13)       72(6.13)       9(7.51)        1(7.51)        7(7.51)        13(7.51)       19(7.51)       21(7.51)       43(7.51)       55(7.51)       81(7.51)       93(7.51)       73(7.51)       85(7.51)       3(7.51)        14(7.51)       15(7.51)       22(7.51)       26(7.51)       34(7.51)       39(7.51)       51(7.51)       58(7.51)       70(7.51)       50(7.51)       62(7.51)       8(8.67)        4(8.67)        24(8.67)       36(8.67)       56(8.67)       68(8.67)       76(8.67)       80(8.67)       96(8.67)       108(8.67)      52(8.67)       64(8.67)       
49		2(4.33)        14(4.33)       15(4.33)       38(4.33)       40(4.33)       51(4.33)       52(4.33)       23(4.33)       48(4.33)       50(4.33)       59(4.33)       60(4.33)       13(6.13)       37(6.13)       53(6.13)       61(6.13)       85(6.13)       57(6.13)       3(7.51)        4(7.51)        6(7.51)        11(7.51)       12(7.51)       16(7.51)       27(7.51)       39(7.51)       42(7.51)       47(7.51)       63(7.51)       76(7.51)       88(7.51)       18(7.51)       24(7.51)       35(7.51)       84(7.51)       10(7.51)       22(7.51)       46(7.51)       54(7.51)       71(7.51)       96(7.51)       58(7.51)       1(8.67)        17(8.67)       21(8.67)       25(8.67)       41(8.67)       45(8.67)       65(8.67)       69(8.67)       73(8.67)       89(8.67)       93(8.67)       97(8.67)       
50		97(4.33)       63(4.33)       88(4.33)       51(4.33)       52(4.33)       61(4.33)       71(4.33)       85(4.33)       96(4.33)       49(4.33)       59(4.33)       60(4.33)       62(6.13)       86(6.13)       54(6.13)       14(6.13)       38(6.13)       58(6.13)       64(7.51)       87(7.51)       99(7.51)       100(7.51)      101(7.51)      107(7.51)      108(7.51)      65(7.51)       72(7.51)       89(7.51)       15(7.51)       27(7.51)       35(7.51)       40(7.51)       53(7.51)       69(7.51)       76(7.51)       84(7.51)       93(7.51)       95(7.51)       105(7.51)      23(7.51)       48(7.51)       57(7.51)       98(8.67)       18(8.67)       26(8.67)       42(8.67)       66(8.67)       70(8.67)       74(8.67)       90(8.67)       94(8.67)       2(8.67)        22(8.67)       46(8.67)       
51		38(4.33)       76(4.33)       85(4.33)       42(4.33)       50(4.33)       54(4.33)       88(4.33)       89(4.33)       40(4.33)       49(4.33)       53(4.33)       52(4.33)       39(6.13)       87(6.13)       63(6.13)       15(6.13)       55(6.13)       59(6.13)       74(7.51)       37(7.51)       41(7.51)       73(7.51)       77(7.51)       78(7.51)       86(7.51)       90(7.51)       97(7.51)       101(7.51)      61(7.51)       65(7.51)       2(7.51)        6(7.51)        14(7.51)       18(7.51)       44(7.51)       48(7.51)       80(7.51)       84(7.51)       92(7.51)       96(7.51)       56(7.51)       60(7.51)       75(8.67)       3(8.67)        27(8.67)       43(8.67)       47(8.67)       67(8.67)       71(8.67)       91(8.67)       95(8.67)       99(8.67)       19(8.67)       23(8.67)       
52		14(4.33)       27(4.33)       61(4.33)       18(4.33)       50(4.33)       54(4.33)       63(4.33)       65(4.33)       15(4.33)       49(4.33)       53(4.33)       51(4.33)       16(6.13)       64(6.13)       88(6.13)       40(6.13)       56(6.13)       60(6.13)       25(7.51)       13(7.51)       17(7.51)       26(7.51)       29(7.51)       30(7.51)       62(7.51)       66(7.51)       97(7.51)       101(7.51)      85(7.51)       89(7.51)       2(7.51)        6(7.51)        19(7.51)       23(7.51)       31(7.51)       35(7.51)       38(7.51)       42(7.51)       67(7.51)       71(7.51)       55(7.51)       59(7.51)       28(8.67)       4(8.67)        20(8.67)       24(8.67)       68(8.67)       72(8.67)       76(8.67)       92(8.67)       96(8.67)       100(8.67)      44(8.67)       48(8.67)       
53		6(4.33)        15(4.33)       40(4.33)       18(4.33)       19(4.33)       42(4.33)       44(4.33)       51(4.33)       52(4.33)       54(4.33)       55(4.33)       56(4.33)       17(6.13)       41(6.13)       49(6.13)       57(6.13)       65(6.13)       89(6.13)       4(7.51)        2(7.51)        3(7.51)        7(7.51)        8(7.51)        10(7.51)       14(7.51)       16(7.51)       20(7.51)       27(7.51)       38(7.51)       39(7.51)       43(7.51)       46(7.51)       50(7.51)       63(7.51)       76(7.51)       80(7.51)       88(7.51)       22(7.51)       31(7.51)       92(7.51)       58(7.51)       67(7.51)       5(8.67)        13(8.67)       37(8.67)       21(8.67)       29(8.67)       45(8.67)       61(8.67)       69(8.67)       77(8.67)       85(8.67)       93(8.67)       101(8.67)      
54		63(4.33)       88(4.33)       101(4.33)      67(4.33)       92(4.33)       51(4.33)       52(4.33)       65(4.33)       89(4.33)       53(4.33)       55(4.33)       56(4.33)       50(6.13)       66(6.13)       90(6.13)       58(6.13)       18(6.13)       42(6.13)       99(7.51)       61(7.51)       64(7.51)       68(7.51)       85(7.51)       87(7.51)       97(7.51)       100(7.51)      103(7.51)      104(7.51)      105(7.51)      49(7.51)       69(7.51)       91(7.51)       93(7.51)       15(7.51)       27(7.51)       31(7.51)       40(7.51)       57(7.51)       76(7.51)       80(7.51)       19(7.51)       44(7.51)       62(8.67)       86(8.67)       102(8.67)      14(8.67)       22(8.67)       30(8.67)       38(8.67)       46(8.67)       70(8.67)       78(8.67)       94(8.67)       6(8.67)        
55		46(4.33)       80(4.33)       93(4.33)       58(4.33)       92(4.33)       42(4.33)       44(4.33)       57(4.33)       89(4.33)       53(4.33)       54(4.33)       56(4.33)       43(6.13)       59(6.13)       91(6.13)       67(6.13)       19(6.13)       51(6.13)       82(7.51)       45(7.51)       48(7.51)       60(7.51)       77(7.51)       78(7.51)       81(7.51)       84(7.51)       94(7.51)       96(7.51)       105(7.51)      41(7.51)       69(7.51)       90(7.51)       101(7.51)      6(7.51)        10(7.51)       22(7.51)       40(7.51)       65(7.51)       76(7.51)       88(7.51)       18(7.51)       52(7.51)       47(8.67)       79(8.67)       95(8.67)       7(8.67)        23(8.67)       31(8.67)       39(8.67)       63(8.67)       71(8.67)       87(8.67)       103(8.67)      15(8.67)       
56		22(4.33)       31(4.33)       69(4.33)       58(4.33)       67(4.33)       18(4.33)       19(4.33)       57(4.33)       65(4.33)       53(4.33)       54(4.33)       55(4.33)       20(6.13)       60(6.13)       68(6.13)       92(6.13)       44(6.13)       52(6.13)       33(7.51)       21(7.51)       23(7.51)       29(7.51)       30(7.51)       34(7.51)       35(7.51)       59(7.51)       66(7.51)       70(7.51)       71(7.51)       105(7.51)      93(7.51)       101(7.51)      6(7.51)        10(7.51)       15(7.51)       17(7.51)       27(7.51)       46(7.51)       63(7.51)       89(7.51)       42(7.51)       51(7.51)       24(8.67)       32(8.67)       72(8.67)       8(8.67)        16(8.67)       48(8.67)       64(8.67)       80(8.67)       88(8.67)       96(8.67)       104(8.67)      40(8.67)       
57		10(4.33)       19(4.33)       23(4.33)       44(4.33)       48(4.33)       22(4.33)       46(4.33)       55(4.33)       56(4.33)       59(4.33)       60(4.33)       58(4.33)       21(6.13)       45(6.13)       53(6.13)       69(6.13)       93(6.13)       49(6.13)       8(7.51)        12(7.51)       6(7.51)        7(7.51)        11(7.51)       18(7.51)       20(7.51)       24(7.51)       31(7.51)       35(7.51)       42(7.51)       43(7.51)       47(7.51)       54(7.51)       67(7.51)       71(7.51)       80(7.51)       84(7.51)       92(7.51)       96(7.51)       2(7.51)        14(7.51)       38(7.51)       50(7.51)       9(8.67)        17(8.67)       41(8.67)       13(8.67)       33(8.67)       37(8.67)       61(8.67)       65(8.67)       81(8.67)       85(8.67)       89(8.67)       105(8.67)      
58		67(4.33)       71(4.33)       92(4.33)       96(4.33)       105(4.33)      55(4.33)       56(4.33)       59(4.33)       60(4.33)       69(4.33)       93(4.33)       57(4.33)       54(6.13)       70(6.13)       94(6.13)       22(6.13)       46(6.13)       50(6.13)       103(7.51)      107(7.51)      65(7.51)       68(7.51)       72(7.51)       89(7.51)       91(7.51)       95(7.51)       101(7.51)      104(7.51)      108(7.51)      53(7.51)       19(7.51)       23(7.51)       31(7.51)       35(7.51)       44(7.51)       48(7.51)       61(7.51)       80(7.51)       84(7.51)       85(7.51)       97(7.51)       49(7.51)       66(8.67)       90(8.67)       106(8.67)      18(8.67)       34(8.67)       42(8.67)       62(8.67)       82(8.67)       86(8.67)       10(8.67)       14(8.67)       38(8.67)       
59		46(4.33)       84(4.33)       93(4.33)       58(4.33)       96(4.33)       38(4.33)       48(4.33)       57(4.33)       85(4.33)       49(4.33)       50(4.33)       60(4.33)       47(6.13)       55(6.13)       95(6.13)       71(6.13)       23(6.13)       51(6.13)       82(7.51)       44(7.51)       45(7.51)       56(7.51)       73(7.51)       74(7.51)       80(7.51)       81(7.51)       92(7.51)       94(7.51)       105(7.51)      37(7.51)       69(7.51)       86(7.51)       97(7.51)       2(7.51)        10(7.51)       22(7.51)       40(7.51)       61(7.51)       76(7.51)       88(7.51)       14(7.51)       52(7.51)       43(8.67)       83(8.67)       91(8.67)       11(8.67)       19(8.67)       35(8.67)       39(8.67)       63(8.67)       67(8.67)       87(8.67)       107(8.67)      15(8.67)       
60		22(4.33)       35(4.33)       69(4.33)       58(4.33)       71(4.33)       14(4.33)       23(4.33)       57(4.33)       61(4.33)       49(4.33)       50(4.33)       59(4.33)       24(6.13)       56(6.13)       72(6.13)       96(6.13)       48(6.13)       52(6.13)       33(7.51)       19(7.51)       21(7.51)       25(7.51)       26(7.51)       31(7.51)       34(7.51)       55(7.51)       62(7.51)       67(7.51)       70(7.51)       105(7.51)      93(7.51)       97(7.51)       2(7.51)        10(7.51)       13(7.51)       15(7.51)       27(7.51)       46(7.51)       63(7.51)       85(7.51)       38(7.51)       51(7.51)       20(8.67)       36(8.67)       68(8.67)       12(8.67)       16(8.67)       44(8.67)       64(8.67)       84(8.67)       88(8.67)       92(8.67)       108(8.67)      40(8.67)       
61		14(4.33)       26(4.33)       27(4.33)       50(4.33)       52(4.33)       62(4.33)       63(4.33)       64(4.33)       35(4.33)       60(4.33)       72(4.33)       71(4.33)       25(6.13)       49(6.13)       65(6.13)       97(6.13)       37(6.13)       69(6.13)       15(7.51)       16(7.51)       18(7.51)       23(7.51)       24(7.51)       28(7.51)       30(7.51)       36(7.51)       51(7.51)       54(7.51)       59(7.51)       66(7.51)       88(7.51)       100(7.51)      96(7.51)       108(7.51)      3(7.51)        11(7.51)       22(7.51)       34(7.51)       39(7.51)       58(7.51)       70(7.51)       47(7.51)       13(8.67)       1(8.67)        29(8.67)       33(8.67)       41(8.67)       53(8.67)       57(8.67)       73(8.67)       85(8.67)       101(8.67)      105(8.67)      45(8.67)       
62		97(4.33)       63(4.33)       100(4.33)      39(4.33)       61(4.33)       64(4.33)       71(4.33)       73(4.33)       108(4.33)      37(4.33)       47(4.33)       72(4.33)       50(6.13)       98(6.13)       66(6.13)       26(6.13)       38(6.13)       70(6.13)       52(7.51)       75(7.51)       88(7.51)       96(7.51)       99(7.51)       101(7.51)      107(7.51)      60(7.51)       65(7.51)       77(7.51)       3(7.51)        27(7.51)       35(7.51)       40(7.51)       41(7.51)       69(7.51)       76(7.51)       81(7.51)       83(7.51)       84(7.51)       105(7.51)      11(7.51)       45(7.51)       48(7.51)       86(8.67)       14(8.67)       30(8.67)       42(8.67)       54(8.67)       58(8.67)       74(8.67)       102(8.67)      106(8.67)      2(8.67)        34(8.67)       46(8.67)       
63		50(4.33)       62(4.33)       88(4.33)       97(4.33)       100(4.33)      54(4.33)       66(4.33)       101(4.33)      52(4.33)       61(4.33)       64(4.33)       65(4.33)       51(6.13)       99(6.13)       27(6.13)       39(6.13)       67(6.13)       71(6.13)       86(7.51)       98(7.51)       49(7.51)       53(7.51)       85(7.51)       89(7.51)       90(7.51)       102(7.51)      14(7.51)       18(7.51)       26(7.51)       30(7.51)       37(7.51)       41(7.51)       56(7.51)       60(7.51)       68(7.51)       72(7.51)       73(7.51)       77(7.51)       92(7.51)       96(7.51)       104(7.51)      108(7.51)      87(8.67)       15(8.67)       55(8.67)       59(8.67)       75(8.67)       103(8.67)      107(8.67)      3(8.67)        31(8.67)       35(8.67)       43(8.67)       47(8.67)       
64		26(4.33)       27(4.33)       61(4.33)       30(4.33)       62(4.33)       63(4.33)       65(4.33)       66(4.33)       3(4.33)        37(4.33)       41(4.33)       39(4.33)       28(6.13)       52(6.13)       100(6.13)      40(6.13)       68(6.13)       72(6.13)       25(7.51)       1(7.51)        5(7.51)        14(7.51)       18(7.51)       29(7.51)       50(7.51)       54(7.51)       97(7.51)       101(7.51)      73(7.51)       77(7.51)       2(7.51)        6(7.51)        7(7.51)        11(7.51)       31(7.51)       35(7.51)       38(7.51)       42(7.51)       67(7.51)       71(7.51)       43(7.51)       47(7.51)       16(8.67)       4(8.67)        32(8.67)       36(8.67)       56(8.67)       60(8.67)       76(8.67)       88(8.67)       104(8.67)      108(8.67)      44(8.67)       48(8.67)       
65		18(4.33)       27(4.33)       30(4.33)       52(4.33)       64(4.33)       31(4.33)       54(4.33)       56(4.33)       63(4.33)       66(4.33)       68(4.33)       67(4.33)       29(6.13)       53(6.13)       61(6.13)       69(6.13)       101(6.13)      41(6.13)       16(7.51)       28(7.51)       14(7.51)       15(7.51)       19(7.51)       20(7.51)       22(7.51)       26(7.51)       32(7.51)       34(7.51)       50(7.51)       51(7.51)       55(7.51)       58(7.51)       62(7.51)       70(7.51)       88(7.51)       92(7.51)       100(7.51)      104(7.51)      3(7.51)        7(7.51)        39(7.51)       43(7.51)       17(8.67)       25(8.67)       49(8.67)       5(8.67)        33(8.67)       37(8.67)       45(8.67)       57(8.67)       77(8.67)       89(8.67)       97(8.67)       105(8.67)      
66		63(4.33)       100(4.33)      101(4.33)      67(4.33)       104(4.33)      39(4.33)       64(4.33)       65(4.33)       77(4.33)       41(4.33)       43(4.33)       68(4.33)       54(6.13)       62(6.13)       102(6.13)      70(6.13)       30(6.13)       42(6.13)       99(7.51)       52(7.51)       56(7.51)       61(7.51)       73(7.51)       75(7.51)       88(7.51)       92(7.51)       97(7.51)       103(7.51)      105(7.51)      37(7.51)       69(7.51)       79(7.51)       81(7.51)       3(7.51)        27(7.51)       31(7.51)       40(7.51)       45(7.51)       76(7.51)       80(7.51)       7(7.51)        44(7.51)       50(8.67)       90(8.67)       98(8.67)       18(8.67)       26(8.67)       34(8.67)       38(8.67)       46(8.67)       58(8.67)       78(8.67)       106(8.67)      6(8.67)        
67		58(4.33)       70(4.33)       92(4.33)       104(4.33)      105(4.33)      54(4.33)       56(4.33)       66(4.33)       68(4.33)       69(4.33)       101(4.33)      65(4.33)       55(6.13)       71(6.13)       103(6.13)      31(6.13)       43(6.13)       63(6.13)       94(7.51)       106(7.51)      57(7.51)       60(7.51)       72(7.51)       89(7.51)       90(7.51)       93(7.51)       96(7.51)       102(7.51)      108(7.51)      53(7.51)       18(7.51)       22(7.51)       30(7.51)       34(7.51)       45(7.51)       52(7.51)       64(7.51)       77(7.51)       81(7.51)       88(7.51)       100(7.51)      41(7.51)       59(8.67)       91(8.67)       107(8.67)      19(8.67)       35(8.67)       47(8.67)       51(8.67)       79(8.67)       99(8.67)       7(8.67)        27(8.67)       39(8.67)       
68		31(4.33)       34(4.33)       69(4.33)       67(4.33)       70(4.33)       7(4.33)        30(4.33)       45(4.33)       65(4.33)       41(4.33)       43(4.33)       66(4.33)       32(6.13)       56(6.13)       72(6.13)       104(6.13)      44(6.13)       64(6.13)       33(7.51)       9(7.51)        11(7.51)       18(7.51)       22(7.51)       29(7.51)       35(7.51)       47(7.51)       54(7.51)       58(7.51)       71(7.51)       105(7.51)      81(7.51)       101(7.51)      3(7.51)        5(7.51)        6(7.51)        10(7.51)       27(7.51)       46(7.51)       63(7.51)       77(7.51)       39(7.51)       42(7.51)       20(8.67)       36(8.67)       60(8.67)       8(8.67)        28(8.67)       48(8.67)       52(8.67)       80(8.67)       92(8.67)       100(8.67)      108(8.67)      40(8.67)       
69		22(4.33)       31(4.33)       34(4.33)       35(4.33)       56(4.33)       60(4.33)       68(4.33)       72(4.33)       58(4.33)       67(4.33)       70(4.33)       71(4.33)       33(6.13)       57(6.13)       65(6.13)       105(6.13)      45(6.13)       61(6.13)       20(7.51)       24(7.51)       32(7.51)       36(7.51)       18(7.51)       19(7.51)       23(7.51)       30(7.51)       54(7.51)       55(7.51)       59(7.51)       66(7.51)       92(7.51)       96(7.51)       104(7.51)      108(7.51)      7(7.51)        11(7.51)       14(7.51)       26(7.51)       43(7.51)       47(7.51)       50(7.51)       62(7.51)       21(8.67)       29(8.67)       53(8.67)       9(8.67)        25(8.67)       41(8.67)       49(8.67)       81(8.67)       93(8.67)       97(8.67)       101(8.67)      37(8.67)       
70		67(4.33)       71(4.33)       104(4.33)      105(4.33)      108(4.33)      43(4.33)       47(4.33)       68(4.33)       69(4.33)       72(4.33)       81(4.33)       45(4.33)       58(6.13)       66(6.13)       106(6.13)      34(6.13)       46(6.13)       62(6.13)       103(7.51)      107(7.51)      56(7.51)       60(7.51)       65(7.51)       77(7.51)       79(7.51)       83(7.51)       92(7.51)       96(7.51)       101(7.51)      41(7.51)       7(7.51)        11(7.51)       31(7.51)       35(7.51)       44(7.51)       48(7.51)       61(7.51)       73(7.51)       80(7.51)       84(7.51)       97(7.51)       37(7.51)       54(8.67)       94(8.67)       102(8.67)      22(8.67)       30(8.67)       42(8.67)       50(8.67)       82(8.67)       98(8.67)       10(8.67)       26(8.67)       38(8.67)       
71		58(4.33)       70(4.33)       96(4.33)       105(4.33)      108(4.33)      50(4.33)       60(4.33)       62(4.33)       69(4.33)       72(4.33)       97(4.33)       61(4.33)       59(6.13)       67(6.13)       107(6.13)      35(6.13)       47(6.13)       63(6.13)       94(7.51)       106(7.51)      56(7.51)       57(7.51)       68(7.51)       85(7.51)       86(7.51)       92(7.51)       93(7.51)       98(7.51)       104(7.51)      49(7.51)       14(7.51)       22(7.51)       26(7.51)       34(7.51)       45(7.51)       52(7.51)       64(7.51)       73(7.51)       81(7.51)       88(7.51)       100(7.51)      37(7.51)       55(8.67)       95(8.67)       103(8.67)      23(8.67)       31(8.67)       43(8.67)       51(8.67)       83(8.67)       99(8.67)       11(8.67)       27(8.67)       39(8.67)       
72		34(4.33)       35(4.33)       69(4.33)       70(4.33)       71(4.33)       11(4.33)       26(4.33)       45(4.33)       61(4.33)       37(4.33)       47(4.33)       62(4.33)       36(6.13)       60(6.13)       68(6.13)       108(6.13)      48(6.13)       64(6.13)       33(7.51)       7(7.51)        9(7.51)        14(7.51)       22(7.51)       25(7.51)       31(7.51)       43(7.51)       50(7.51)       58(7.51)       67(7.51)       105(7.51)      81(7.51)       97(7.51)       1(7.51)        2(7.51)        3(7.51)        10(7.51)       27(7.51)       46(7.51)       63(7.51)       73(7.51)       38(7.51)       39(7.51)       24(8.67)       32(8.67)       56(8.67)       12(8.67)       28(8.67)       44(8.67)       52(8.67)       84(8.67)       96(8.67)       100(8.67)      104(8.67)      40(8.67)       
73		38(4.33)       39(4.33)       74(4.33)       75(4.33)       76(4.33)       47(4.33)       62(4.33)       83(4.33)       84(4.33)       98(4.33)       100(4.33)      108(4.33)      37(6.13)       77(6.13)       85(6.13)       1(6.13)        81(6.13)       97(6.13)       40(7.51)       42(7.51)       48(7.51)       51(7.51)       64(7.51)       78(7.51)       87(7.51)       59(7.51)       66(7.51)       95(7.51)       102(7.51)      4(7.51)        12(7.51)       28(7.51)       46(7.51)       63(7.51)       70(7.51)       71(7.51)       72(7.51)       82(7.51)       99(7.51)       106(7.51)      107(7.51)      36(7.51)       5(8.67)        13(8.67)       41(8.67)       45(8.67)       49(8.67)       61(8.67)       89(8.67)       93(8.67)       101(8.67)      9(8.67)        25(8.67)       105(8.67)      
74		73(4.33)       75(4.33)       76(4.33)       85(4.33)       87(4.33)       1(4.33)        4(4.33)        13(4.33)       83(4.33)       84(4.33)       95(4.33)       12(4.33)       38(6.13)       78(6.13)       2(6.13)        82(6.13)       86(6.13)       98(6.13)       39(7.51)       47(7.51)       51(7.51)       59(7.51)       77(7.51)       89(7.51)       5(7.51)        17(7.51)       3(7.51)        9(7.51)        11(7.51)       15(7.51)       16(7.51)       21(7.51)       23(7.51)       28(7.51)       81(7.51)       88(7.51)       93(7.51)       96(7.51)       100(7.51)      108(7.51)      24(7.51)       36(7.51)       6(8.67)        42(8.67)       46(8.67)       50(8.67)       62(8.67)       90(8.67)       102(8.67)      10(8.67)       14(8.67)       26(8.67)       94(8.67)       106(8.67)      
75		73(4.33)       74(4.33)       76(4.33)       77(4.33)       78(4.33)       1(4.33)        4(4.33)        5(4.33)        98(4.33)       100(4.33)      102(4.33)      28(4.33)       39(6.13)       87(6.13)       3(6.13)        79(6.13)       83(6.13)       99(6.13)       38(7.51)       42(7.51)       62(7.51)       66(7.51)       85(7.51)       89(7.51)       13(7.51)       17(7.51)       2(7.51)        6(7.51)        8(7.51)        12(7.51)       25(7.51)       26(7.51)       29(7.51)       30(7.51)       80(7.51)       84(7.51)       97(7.51)       101(7.51)      104(7.51)      108(7.51)      32(7.51)       36(7.51)       15(8.67)       43(8.67)       47(8.67)       51(8.67)       63(8.67)       91(8.67)       95(8.67)       7(8.67)        11(8.67)       27(8.67)       103(8.67)      107(8.67)      
76		38(4.33)       39(4.33)       73(4.33)       74(4.33)       75(4.33)       42(4.33)       51(4.33)       77(4.33)       78(4.33)       85(4.33)       87(4.33)       89(4.33)       40(6.13)       4(6.13)        80(6.13)       84(6.13)       88(6.13)       100(6.13)      37(7.51)       41(7.51)       49(7.51)       53(7.51)       1(7.51)        5(7.51)        13(7.51)       17(7.51)       43(7.51)       47(7.51)       50(7.51)       54(7.51)       55(7.51)       59(7.51)       62(7.51)       66(7.51)       79(7.51)       83(7.51)       86(7.51)       90(7.51)       91(7.51)       95(7.51)       98(7.51)       102(7.51)      44(8.67)       48(8.67)       52(8.67)       64(8.67)       8(8.67)        12(8.67)       16(8.67)       28(8.67)       92(8.67)       96(8.67)       104(8.67)      108(8.67)      
77		39(4.33)       75(4.33)       42(4.33)       43(4.33)       76(4.33)       78(4.33)       79(4.33)       80(4.33)       66(4.33)       100(4.33)      102(4.33)      104(4.33)      41(6.13)       73(6.13)       81(6.13)       89(6.13)       5(6.13)        101(6.13)      38(7.51)       40(7.51)       44(7.51)       46(7.51)       51(7.51)       62(7.51)       64(7.51)       74(7.51)       82(7.51)       87(7.51)       98(7.51)       55(7.51)       68(7.51)       70(7.51)       91(7.51)       106(7.51)      4(7.51)        8(7.51)        28(7.51)       63(7.51)       67(7.51)       99(7.51)       103(7.51)      32(7.51)       37(8.67)       1(8.67)        9(8.67)        17(8.67)       45(8.67)       53(8.67)       65(8.67)       85(8.67)       93(8.67)       97(8.67)       105(8.67)      29(8.67)       
78		75(4.33)       76(4.33)       77(4.33)       79(4.33)       80(4.33)       87(4.33)       89(4.33)       91(4.33)       4(4.33)        5(4.33)        17(4.33)       8(4.33)        42(6.13)       74(6.13)       82(6.13)       6(6.13)        90(6.13)       102(6.13)      39(7.51)       1(7.51)        13(7.51)       43(7.51)       51(7.51)       55(7.51)       73(7.51)       81(7.51)       85(7.51)       93(7.51)       9(7.51)        21(7.51)       3(7.51)        7(7.51)        15(7.51)       16(7.51)       19(7.51)       28(7.51)       88(7.51)       92(7.51)       100(7.51)      104(7.51)      20(7.51)       32(7.51)       38(8.67)       2(8.67)        10(8.67)       46(8.67)       54(8.67)       66(8.67)       86(8.67)       94(8.67)       98(8.67)       106(8.67)      18(8.67)       30(8.67)       
79		81(4.33)       80(4.33)       82(4.33)       8(4.33)        9(4.33)        77(4.33)       78(4.33)       104(4.33)      106(4.33)      5(4.33)        32(4.33)       102(4.33)      43(6.13)       83(6.13)       91(6.13)       7(6.13)        75(6.13)       103(6.13)      12(7.51)       42(7.51)       46(7.51)       70(7.51)       84(7.51)       93(7.51)       108(7.51)      21(7.51)       36(7.51)       89(7.51)       4(7.51)        6(7.51)        10(7.51)       17(7.51)       33(7.51)       34(7.51)       66(7.51)       76(7.51)       100(7.51)      101(7.51)      105(7.51)      28(7.51)       29(7.51)       30(7.51)       47(8.67)       11(8.67)       19(8.67)       39(8.67)       55(8.67)       67(8.67)       87(8.67)       95(8.67)       107(8.67)      3(8.67)        31(8.67)       99(8.67)       
80		43(4.33)       46(4.33)       79(4.33)       81(4.33)       82(4.33)       55(4.33)       91(4.33)       93(4.33)       42(4.33)       77(4.33)       78(4.33)       89(4.33)       44(6.13)       84(6.13)       8(6.13)        76(6.13)       92(6.13)       104(6.13)      45(7.51)       41(7.51)       47(7.51)       53(7.51)       57(7.51)       59(7.51)       83(7.51)       95(7.51)       5(7.51)        9(7.51)        17(7.51)       21(7.51)       39(7.51)       51(7.51)       54(7.51)       58(7.51)       66(7.51)       70(7.51)       75(7.51)       87(7.51)       90(7.51)       94(7.51)       102(7.51)      106(7.51)      48(8.67)       12(8.67)       40(8.67)       56(8.67)       68(8.67)       96(8.67)       108(8.67)      4(8.67)        20(8.67)       32(8.67)       88(8.67)       100(8.67)      
81		43(4.33)       47(4.33)       79(4.33)       83(4.33)       46(4.33)       80(4.33)       82(4.33)       84(4.33)       70(4.33)       104(4.33)      106(4.33)      108(4.33)      45(6.13)       77(6.13)       93(6.13)       9(6.13)        73(6.13)       105(6.13)      42(7.51)       44(7.51)       48(7.51)       55(7.51)       59(7.51)       66(7.51)       68(7.51)       72(7.51)       78(7.51)       91(7.51)       95(7.51)       102(7.51)      8(7.51)        12(7.51)       32(7.51)       36(7.51)       38(7.51)       62(7.51)       67(7.51)       71(7.51)       74(7.51)       98(7.51)       103(7.51)      107(7.51)      41(8.67)       5(8.67)        21(8.67)       37(8.67)       57(8.67)       69(8.67)       85(8.67)       89(8.67)       101(8.67)      1(8.67)        33(8.67)       97(8.67)       
82		79(4.33)       80(4.33)       81(4.33)       83(4.33)       84(4.33)       91(4.33)       93(4.33)       95(4.33)       8(4.33)        9(4.33)        12(4.33)       21(4.33)       46(6.13)       78(6.13)       10(6.13)       74(6.13)       94(6.13)       106(6.13)      43(7.51)       47(7.51)       5(7.51)        17(7.51)       55(7.51)       59(7.51)       77(7.51)       89(7.51)       1(7.51)        7(7.51)        11(7.51)       13(7.51)       19(7.51)       20(7.51)       23(7.51)       24(7.51)       32(7.51)       36(7.51)       73(7.51)       85(7.51)       92(7.51)       96(7.51)       104(7.51)      108(7.51)      42(8.67)       6(8.67)        38(8.67)       58(8.67)       70(8.67)       90(8.67)       102(8.67)      2(8.67)        22(8.67)       34(8.67)       86(8.67)       98(8.67)       
83		81(4.33)       82(4.33)       84(4.33)       9(4.33)        12(4.33)       73(4.33)       74(4.33)       106(4.33)      108(4.33)      1(4.33)        36(4.33)       98(4.33)       47(6.13)       79(6.13)       95(6.13)       11(6.13)       75(6.13)       107(6.13)      8(7.51)        38(7.51)       46(7.51)       70(7.51)       80(7.51)       93(7.51)       104(7.51)      21(7.51)       32(7.51)       85(7.51)       2(7.51)        4(7.51)        10(7.51)       13(7.51)       33(7.51)       34(7.51)       62(7.51)       76(7.51)       97(7.51)       100(7.51)      105(7.51)      25(7.51)       26(7.51)       28(7.51)       43(8.67)       7(8.67)        23(8.67)       39(8.67)       59(8.67)       71(8.67)       87(8.67)       91(8.67)       103(8.67)      3(8.67)        35(8.67)       99(8.67)       
84		46(4.33)       47(4.33)       81(4.33)       82(4.33)       83(4.33)       59(4.33)       93(4.33)       95(4.33)       38(4.33)       73(4.33)       74(4.33)       85(4.33)       48(6.13)       80(6.13)       12(6.13)       76(6.13)       96(6.13)       108(6.13)      45(7.51)       37(7.51)       43(7.51)       49(7.51)       55(7.51)       57(7.51)       79(7.51)       91(7.51)       1(7.51)        9(7.51)        13(7.51)       21(7.51)       39(7.51)       50(7.51)       51(7.51)       58(7.51)       62(7.51)       70(7.51)       75(7.51)       86(7.51)       87(7.51)       94(7.51)       98(7.51)       106(7.51)      44(8.67)       8(8.67)        40(8.67)       60(8.67)       72(8.67)       92(8.67)       104(8.67)      4(8.67)        24(8.67)       36(8.67)       88(8.67)       100(8.67)      
85		38(4.33)       74(4.33)       50(4.33)       51(4.33)       76(4.33)       86(4.33)       87(4.33)       88(4.33)       59(4.33)       84(4.33)       95(4.33)       96(4.33)       49(6.13)       73(6.13)       89(6.13)       97(6.13)       13(6.13)       93(6.13)       39(7.51)       40(7.51)       42(7.51)       47(7.51)       48(7.51)       52(7.51)       63(7.51)       75(7.51)       78(7.51)       83(7.51)       99(7.51)       54(7.51)       60(7.51)       71(7.51)       90(7.51)       107(7.51)      4(7.51)        12(7.51)       16(7.51)       46(7.51)       58(7.51)       82(7.51)       94(7.51)       24(7.51)       37(8.67)       1(8.67)        17(8.67)       25(8.67)       53(8.67)       57(8.67)       61(8.67)       77(8.67)       81(8.67)       101(8.67)      105(8.67)      21(8.67)       
86		97(4.33)       88(4.33)       99(4.33)       16(4.33)       25(4.33)       85(4.33)       87(4.33)       96(4.33)       107(4.33)      13(4.33)       24(4.33)       95(4.33)       50(6.13)       98(6.13)       90(6.13)       14(6.13)       74(6.13)       94(6.13)       28(7.51)       51(7.51)       63(7.51)       71(7.51)       100(7.51)      101(7.51)      108(7.51)      29(7.51)       36(7.51)       89(7.51)       4(7.51)        15(7.51)       17(7.51)       27(7.51)       33(7.51)       35(7.51)       59(7.51)       76(7.51)       84(7.51)       93(7.51)       105(7.51)      12(7.51)       21(7.51)       23(7.51)       62(8.67)       18(8.67)       26(8.67)       38(8.67)       54(8.67)       58(8.67)       78(8.67)       102(8.67)      106(8.67)      2(8.67)        22(8.67)       82(8.67)       
87		74(4.33)       76(4.33)       85(4.33)       78(4.33)       86(4.33)       88(4.33)       89(4.33)       90(4.33)       4(4.33)        13(4.33)       17(4.33)       16(4.33)       51(6.13)       75(6.13)       99(6.13)       15(6.13)       91(6.13)       95(6.13)       38(7.51)       1(7.51)        5(7.51)        42(7.51)       50(7.51)       54(7.51)       73(7.51)       77(7.51)       97(7.51)       101(7.51)      25(7.51)       29(7.51)       2(7.51)        6(7.51)        8(7.51)        12(7.51)       14(7.51)       18(7.51)       80(7.51)       84(7.51)       92(7.51)       96(7.51)       20(7.51)       24(7.51)       39(8.67)       3(8.67)        27(8.67)       55(8.67)       59(8.67)       63(8.67)       79(8.67)       83(8.67)       103(8.67)      107(8.67)      19(8.67)       23(8.67)       
88		50(4.33)       63(4.33)       86(4.33)       97(4.33)       99(4.33)       54(4.33)       90(4.33)       101(4.33)      51(4.33)       85(4.33)       87(4.33)       89(4.33)       52(6.13)       100(6.13)      16(6.13)       76(6.13)       92(6.13)       96(6.13)       61(7.51)       49(7.51)       53(7.51)       62(7.51)       65(7.51)       66(7.51)       98(7.51)       102(7.51)      13(7.51)       17(7.51)       25(7.51)       29(7.51)       38(7.51)       42(7.51)       55(7.51)       59(7.51)       67(7.51)       71(7.51)       74(7.51)       78(7.51)       91(7.51)       95(7.51)       103(7.51)      107(7.51)      64(8.67)       28(8.67)       40(8.67)       56(8.67)       60(8.67)       104(8.67)      108(8.67)      4(8.67)        20(8.67)       24(8.67)       80(8.67)       84(8.67)       
89		42(4.33)       51(4.33)       76(4.33)       78(4.33)       87(4.33)       54(4.33)       55(4.33)       80(4.33)       88(4.33)       90(4.33)       91(4.33)       92(4.33)       53(6.13)       77(6.13)       85(6.13)       93(6.13)       101(6.13)      17(6.13)       40(7.51)       38(7.51)       39(7.51)       43(7.51)       44(7.51)       46(7.51)       50(7.51)       52(7.51)       56(7.51)       63(7.51)       74(7.51)       75(7.51)       79(7.51)       82(7.51)       86(7.51)       99(7.51)       58(7.51)       67(7.51)       94(7.51)       103(7.51)      4(7.51)        8(7.51)        16(7.51)       20(7.51)       41(8.67)       49(8.67)       73(8.67)       5(8.67)        13(8.67)       21(8.67)       29(8.67)       57(8.67)       65(8.67)       81(8.67)       97(8.67)       105(8.67)      
90		88(4.33)       99(4.33)       101(4.33)      92(4.33)       103(4.33)      16(4.33)       29(4.33)       87(4.33)       89(4.33)       17(4.33)       20(4.33)       91(4.33)       54(6.13)       86(6.13)       102(6.13)      94(6.13)       18(6.13)       78(6.13)       63(7.51)       25(7.51)       28(7.51)       32(7.51)       51(7.51)       67(7.51)       85(7.51)       97(7.51)       100(7.51)      104(7.51)      105(7.51)      13(7.51)       33(7.51)       55(7.51)       93(7.51)       4(7.51)        15(7.51)       21(7.51)       27(7.51)       31(7.51)       76(7.51)       80(7.51)       8(7.51)        19(7.51)       50(8.67)       66(8.67)       98(8.67)       14(8.67)       22(8.67)       30(8.67)       42(8.67)       58(8.67)       74(8.67)       82(8.67)       106(8.67)      6(8.67)        
91		80(4.33)       82(4.33)       93(4.33)       92(4.33)       94(4.33)       8(4.33)        21(4.33)       78(4.33)       89(4.33)       17(4.33)       20(4.33)       90(4.33)       55(6.13)       79(6.13)       95(6.13)       103(6.13)      19(6.13)       87(6.13)       46(7.51)       9(7.51)        12(7.51)       24(7.51)       42(7.51)       58(7.51)       77(7.51)       81(7.51)       84(7.51)       96(7.51)       105(7.51)      5(7.51)        33(7.51)       54(7.51)       101(7.51)      4(7.51)        6(7.51)        10(7.51)       22(7.51)       29(7.51)       76(7.51)       88(7.51)       16(7.51)       18(7.51)       43(8.67)       59(8.67)       83(8.67)       7(8.67)        23(8.67)       31(8.67)       51(8.67)       67(8.67)       75(8.67)       99(8.67)       107(8.67)      15(8.67)       
92		58(4.33)       67(4.33)       94(4.33)       103(4.33)      105(4.33)      54(4.33)       55(4.33)       90(4.33)       91(4.33)       93(4.33)       101(4.33)      89(4.33)       56(6.13)       96(6.13)       104(6.13)      20(6.13)       80(6.13)       88(6.13)       69(7.51)       57(7.51)       59(7.51)       65(7.51)       66(7.51)       70(7.51)       71(7.51)       95(7.51)       102(7.51)      106(7.51)      107(7.51)      21(7.51)       29(7.51)       33(7.51)       42(7.51)       46(7.51)       51(7.51)       53(7.51)       63(7.51)       78(7.51)       82(7.51)       87(7.51)       99(7.51)       17(7.51)       60(8.67)       68(8.67)       108(8.67)      24(8.67)       32(8.67)       44(8.67)       52(8.67)       84(8.67)       100(8.67)      8(8.67)        16(8.67)       76(8.67)       
93		46(4.33)       55(4.33)       59(4.33)       80(4.33)       82(4.33)       84(4.33)       91(4.33)       95(4.33)       58(4.33)       92(4.33)       94(4.33)       96(4.33)       57(6.13)       81(6.13)       89(6.13)       105(6.13)      21(6.13)       85(6.13)       44(7.51)       48(7.51)       42(7.51)       43(7.51)       47(7.51)       54(7.51)       56(7.51)       60(7.51)       67(7.51)       71(7.51)       78(7.51)       79(7.51)       83(7.51)       90(7.51)       103(7.51)      107(7.51)      8(7.51)        12(7.51)       20(7.51)       24(7.51)       38(7.51)       50(7.51)       74(7.51)       86(7.51)       45(8.67)       53(8.67)       77(8.67)       9(8.67)        17(8.67)       33(8.67)       49(8.67)       69(8.67)       73(8.67)       97(8.67)       101(8.67)      13(8.67)       
94		92(4.33)       96(4.33)       103(4.33)      105(4.33)      107(4.33)      20(4.33)       24(4.33)       33(4.33)       91(4.33)       93(4.33)       95(4.33)       21(4.33)       58(6.13)       90(6.13)       106(6.13)      22(6.13)       82(6.13)       86(6.13)       67(7.51)       71(7.51)       29(7.51)       32(7.51)       36(7.51)       55(7.51)       59(7.51)       89(7.51)       101(7.51)      104(7.51)      108(7.51)      17(7.51)       8(7.51)        12(7.51)       19(7.51)       23(7.51)       25(7.51)       31(7.51)       35(7.51)       80(7.51)       84(7.51)       85(7.51)       97(7.51)       13(7.51)       54(8.67)       70(8.67)       102(8.67)      18(8.67)       34(8.67)       46(8.67)       50(8.67)       78(8.67)       98(8.67)       10(8.67)       14(8.67)       74(8.67)       
95		82(4.33)       84(4.33)       93(4.33)       94(4.33)       96(4.33)       12(4.33)       21(4.33)       74(4.33)       85(4.33)       13(4.33)       24(4.33)       86(4.33)       59(6.13)       83(6.13)       91(6.13)       107(6.13)      23(6.13)       87(6.13)       46(7.51)       8(7.51)        9(7.51)        20(7.51)       38(7.51)       58(7.51)       73(7.51)       80(7.51)       81(7.51)       92(7.51)       105(7.51)      1(7.51)        33(7.51)       50(7.51)       97(7.51)       2(7.51)        4(7.51)        10(7.51)       22(7.51)       25(7.51)       76(7.51)       88(7.51)       14(7.51)       16(7.51)       47(8.67)       55(8.67)       79(8.67)       11(8.67)       19(8.67)       35(8.67)       51(8.67)       71(8.67)       75(8.67)       99(8.67)       103(8.67)      15(8.67)       
96		58(4.33)       71(4.33)       94(4.33)       105(4.33)      107(4.33)      50(4.33)       59(4.33)       86(4.33)       93(4.33)       95(4.33)       97(4.33)       85(4.33)       60(6.13)       92(6.13)       108(6.13)      24(6.13)       84(6.13)       88(6.13)       69(7.51)       55(7.51)       57(7.51)       61(7.51)       62(7.51)       67(7.51)       70(7.51)       91(7.51)       98(7.51)       103(7.51)      106(7.51)      21(7.51)       25(7.51)       33(7.51)       38(7.51)       46(7.51)       49(7.51)       51(7.51)       63(7.51)       74(7.51)       82(7.51)       87(7.51)       99(7.51)       13(7.51)       56(8.67)       72(8.67)       104(8.67)      20(8.67)       36(8.67)       48(8.67)       52(8.67)       80(8.67)       100(8.67)      12(8.67)       16(8.67)       76(8.67)       
97		50(4.33)       62(4.33)       86(4.33)       98(4.33)       63(4.33)       88(4.33)       99(4.33)       100(4.33)      71(4.33)       96(4.33)       107(4.33)      108(4.33)      61(6.13)       85(6.13)       101(6.13)      25(6.13)       73(6.13)       105(6.13)      51(7.51)       52(7.51)       54(7.51)       59(7.51)       60(7.51)       64(7.51)       66(7.51)       72(7.51)       87(7.51)       90(7.51)       95(7.51)       102(7.51)      16(7.51)       24(7.51)       28(7.51)       36(7.51)       39(7.51)       47(7.51)       58(7.51)       70(7.51)       75(7.51)       83(7.51)       94(7.51)       106(7.51)      49(8.67)       13(8.67)       29(8.67)       37(8.67)       65(8.67)       69(8.67)       77(8.67)       89(8.67)       93(8.67)       1(8.67)        33(8.67)       81(8.67)       
98		97(4.33)       99(4.33)       100(4.33)      25(4.33)       28(4.33)       73(4.33)       75(4.33)       107(4.33)      108(4.33)      1(4.33)        36(4.33)       83(4.33)       62(6.13)       86(6.13)       102(6.13)      26(6.13)       74(6.13)       106(6.13)      16(7.51)       39(7.51)       63(7.51)       71(7.51)       88(7.51)       96(7.51)       101(7.51)      24(7.51)       29(7.51)       77(7.51)       3(7.51)        4(7.51)        5(7.51)        27(7.51)       33(7.51)       35(7.51)       47(7.51)       76(7.51)       81(7.51)       84(7.51)       105(7.51)      9(7.51)        11(7.51)       12(7.51)       50(8.67)       14(8.67)       30(8.67)       38(8.67)       66(8.67)       70(8.67)       78(8.67)       90(8.67)       94(8.67)       2(8.67)        34(8.67)       82(8.67)       
99		86(4.33)       88(4.33)       97(4.33)       98(4.33)       100(4.33)      90(4.33)       101(4.33)      102(4.33)      16(4.33)       25(4.33)       28(4.33)       29(4.33)       63(6.13)       87(6.13)       27(6.13)       75(6.13)       103(6.13)      107(6.13)      50(7.51)       62(7.51)       13(7.51)       17(7.51)       54(7.51)       66(7.51)       85(7.51)       89(7.51)       1(7.51)        5(7.51)        14(7.51)       18(7.51)       20(7.51)       24(7.51)       26(7.51)       30(7.51)       32(7.51)       36(7.51)       73(7.51)       77(7.51)       92(7.51)       96(7.51)       104(7.51)      108(7.51)      51(8.67)       15(8.67)       39(8.67)       67(8.67)       71(8.67)       91(8.67)       95(8.67)       3(8.67)        31(8.67)       35(8.67)       79(8.67)       83(8.67)       
100		62(4.33)       63(4.33)       97(4.33)       98(4.33)       99(4.33)       66(4.33)       101(4.33)      102(4.33)      39(4.33)       73(4.33)       75(4.33)       77(4.33)       64(6.13)       88(6.13)       28(6.13)       76(6.13)       104(6.13)      108(6.13)      61(7.51)       37(7.51)       41(7.51)       50(7.51)       54(7.51)       65(7.51)       86(7.51)       90(7.51)       1(7.51)        5(7.51)        25(7.51)       29(7.51)       38(7.51)       42(7.51)       43(7.51)       47(7.51)       67(7.51)       71(7.51)       74(7.51)       78(7.51)       79(7.51)       83(7.51)       103(7.51)      107(7.51)      52(8.67)       16(8.67)       40(8.67)       68(8.67)       72(8.67)       92(8.67)       96(8.67)       4(8.67)        32(8.67)       36(8.67)       80(8.67)       84(8.67)       
101		54(4.33)       63(4.33)       66(4.33)       88(4.33)       90(4.33)       99(4.33)       100(4.33)      102(4.33)      67(4.33)       92(4.33)       103(4.33)      104(4.33)      65(6.13)       89(6.13)       97(6.13)       105(6.13)      29(6.13)       77(6.13)       52(7.51)       64(7.51)       50(7.51)       51(7.51)       55(7.51)       56(7.51)       58(7.51)       62(7.51)       68(7.51)       70(7.51)       86(7.51)       87(7.51)       91(7.51)       94(7.51)       98(7.51)       106(7.51)      16(7.51)       20(7.51)       28(7.51)       32(7.51)       39(7.51)       43(7.51)       75(7.51)       79(7.51)       53(8.67)       61(8.67)       85(8.67)       17(8.67)       25(8.67)       33(8.67)       41(8.67)       69(8.67)       73(8.67)       81(8.67)       93(8.67)       5(8.67)        
102		99(4.33)       100(4.33)      101(4.33)      103(4.33)      104(4.33)      28(4.33)       29(4.33)       75(4.33)       77(4.33)       5(4.33)        32(4.33)       79(4.33)       66(6.13)       90(6.13)       98(6.13)       106(6.13)      30(6.13)       78(6.13)       63(7.51)       16(7.51)       20(7.51)       25(7.51)       39(7.51)       67(7.51)       73(7.51)       88(7.51)       92(7.51)       97(7.51)       105(7.51)      1(7.51)        33(7.51)       43(7.51)       81(7.51)       3(7.51)        4(7.51)        9(7.51)        27(7.51)       31(7.51)       76(7.51)       80(7.51)       7(7.51)        8(7.51)        54(8.67)       62(8.67)       86(8.67)       18(8.67)       26(8.67)       34(8.67)       42(8.67)       70(8.67)       74(8.67)       82(8.67)       94(8.67)       6(8.67)        
103		92(4.33)       94(4.33)       104(4.33)      105(4.33)      106(4.33)      20(4.33)       32(4.33)       33(4.33)       90(4.33)       101(4.33)      102(4.33)      29(4.33)       67(6.13)       91(6.13)       107(6.13)      31(6.13)       79(6.13)       99(6.13)       58(7.51)       70(7.51)       21(7.51)       24(7.51)       36(7.51)       54(7.51)       66(7.51)       89(7.51)       93(7.51)       96(7.51)       108(7.51)      17(7.51)       9(7.51)        16(7.51)       18(7.51)       22(7.51)       28(7.51)       30(7.51)       34(7.51)       77(7.51)       81(7.51)       88(7.51)       100(7.51)      5(7.51)        55(8.67)       71(8.67)       95(8.67)       19(8.67)       35(8.67)       43(8.67)       63(8.67)       83(8.67)       87(8.67)       7(8.67)        27(8.67)       75(8.67)       
104		67(4.33)       70(4.33)       103(4.33)      105(4.33)      106(4.33)      43(4.33)       66(4.33)       79(4.33)       81(4.33)       101(4.33)      102(4.33)      77(4.33)       68(6.13)       92(6.13)       108(6.13)      32(6.13)       80(6.13)       100(6.13)      69(7.51)       45(7.51)       47(7.51)       54(7.51)       58(7.51)       65(7.51)       71(7.51)       83(7.51)       90(7.51)       94(7.51)       107(7.51)      9(7.51)        29(7.51)       33(7.51)       39(7.51)       41(7.51)       42(7.51)       46(7.51)       63(7.51)       75(7.51)       78(7.51)       82(7.51)       99(7.51)       5(7.51)        56(8.67)       72(8.67)       96(8.67)       20(8.67)       36(8.67)       44(8.67)       64(8.67)       84(8.67)       88(8.67)       8(8.67)        28(8.67)       76(8.67)       
105		58(4.33)       67(4.33)       70(4.33)       71(4.33)       92(4.33)       94(4.33)       96(4.33)       103(4.33)      104(4.33)      106(4.33)      107(4.33)      108(4.33)      69(6.13)       93(6.13)       101(6.13)      33(6.13)       81(6.13)       97(6.13)       56(7.51)       60(7.51)       68(7.51)       72(7.51)       54(7.51)       55(7.51)       59(7.51)       66(7.51)       90(7.51)       91(7.51)       95(7.51)       102(7.51)      20(7.51)       24(7.51)       32(7.51)       36(7.51)       43(7.51)       47(7.51)       50(7.51)       62(7.51)       79(7.51)       83(7.51)       86(7.51)       98(7.51)       57(8.67)       65(8.67)       89(8.67)       21(8.67)       29(8.67)       45(8.67)       61(8.67)       77(8.67)       85(8.67)       9(8.67)        25(8.67)       73(8.67)       
106		103(4.33)      104(4.33)      105(4.33)      107(4.33)      108(4.33)      32(4.33)       33(4.33)       36(4.33)       79(4.33)       81(4.33)       83(4.33)       9(4.33)        70(6.13)       94(6.13)       102(6.13)      34(6.13)       82(6.13)       98(6.13)       67(7.51)       71(7.51)       20(7.51)       24(7.51)       29(7.51)       43(7.51)       47(7.51)       77(7.51)       92(7.51)       96(7.51)       101(7.51)      5(7.51)        7(7.51)        8(7.51)        11(7.51)       12(7.51)       25(7.51)       31(7.51)       35(7.51)       73(7.51)       80(7.51)       84(7.51)       97(7.51)       1(7.51)        58(8.67)       66(8.67)       90(8.67)       22(8.67)       30(8.67)       46(8.67)       62(8.67)       78(8.67)       86(8.67)       10(8.67)       26(8.67)       74(8.67)       
107		94(4.33)       96(4.33)       105(4.33)      106(4.33)      108(4.33)      24(4.33)       33(4.33)       36(4.33)       86(4.33)       97(4.33)       98(4.33)       25(4.33)       71(6.13)       95(6.13)       103(6.13)      35(6.13)       83(6.13)       99(6.13)       58(7.51)       70(7.51)       20(7.51)       21(7.51)       32(7.51)       50(7.51)       62(7.51)       85(7.51)       92(7.51)       93(7.51)       104(7.51)      13(7.51)       9(7.51)        14(7.51)       16(7.51)       22(7.51)       26(7.51)       28(7.51)       34(7.51)       73(7.51)       81(7.51)       88(7.51)       100(7.51)      1(7.51)        59(8.67)       67(8.67)       91(8.67)       23(8.67)       31(8.67)       47(8.67)       63(8.67)       79(8.67)       87(8.67)       11(8.67)       27(8.67)       75(8.67)       
108		70(4.33)       71(4.33)       105(4.33)      106(4.33)      107(4.33)      47(4.33)       62(4.33)       81(4.33)       83(4.33)       97(4.33)       98(4.33)       73(4.33)       72(6.13)       96(6.13)       104(6.13)      36(6.13)       84(6.13)       100(6.13)      69(7.51)       43(7.51)       45(7.51)       50(7.51)       58(7.51)       61(7.51)       67(7.51)       79(7.51)       86(7.51)       94(7.51)       103(7.51)      9(7.51)        25(7.51)       33(7.51)       37(7.51)       38(7.51)       39(7.51)       46(7.51)       63(7.51)       74(7.51)       75(7.51)       82(7.51)       99(7.51)       1(7.51)        60(8.67)       68(8.67)       92(8.67)       24(8.67)       32(8.67)       48(8.67)       64(8.67)       80(8.67)       88(8.67)       12(8.67)       28(8.67)       76(8.67)       
